7	8.29	2.52	6.01	6.47	14.11	9.28	12.01	13.42	6.64	3.31	8.04	9.13	14.52	45.73	3.32	42.11	61.4	6.6	12.03	27.54	15.4	8.18	5.95	11.46	2.81	2.29	9.97	24.93	7.09	17.3	14.42	4.88	8.9	17.82	12.16	31.69	11.16	35.27	8.53	19.24	32.93	23.13	8.6	30.13	23	10.48	14.55	13.39	13.58	6.45	15.3	24.8	11.35	6.69	14.54	30.31	13.11	13.6	26.89	28.3	68.07	14.52	8.04	15.21	16.11	17.5	33.79	11.96	38.63	7.45	18.95	13.9	22.53	59.97	10.88	21.02	22.09	27.39	71.91	17.13	17.4	18.67	25.32	17.85	13.36	23.91	13.27	11.64	11.06	15.7	3.87	27.32	2.9	9.91	8.99	5.05	5.15	10.83	4.66	7.48	16.21	5	17.13	15.47
7.45	8.27	2.59	5.79	6.52	14.04	9.4	12.23	13.27	6.64	3.27	7.81	9.26	14.99	45.24	3.26	44.34	61.53	6.62	11.96	27.89	15.4	8.17	5.94	11.4	2.84	2.28	9.98	24.66	7.03	17.41	14.53	4.94	9	17.8	12.24	30.42	10.96	33.93	8.58	19.31	32.56	23.82	8.33	30.59	23.1	10.5	14.46	13.46	13.64	6.5	15.43	24.76	11.7	6.69	14.7	30.11	13.08	13.24	26.8	28.6	65.3	14.2	8.07	15.56	15.98	17.76	31.33	12.21	37.82	7.61	18.94	13.89	22.51	58.19	11.28	20.21	22.27	27.17	73.21	17.34	16.93	18.77	26.19	17.82	13.2	23.86	13.29	11.16	10.96	15.8	3.87	27.83	2.9	9.98	8.95	5.1	5.16	10.39	4.58	7.34	16.23	4.99	17.12	15.5
7.3	7.4	2.53	5.8	6.51	13.39	9.46	12.03	13.45	6.73	3.28	7.48	9.74	14.93	44.12	3.14	45.92	61.2	6.6	11.93	27.85	15.59	8.18	5.94	11.21	2.82	2.3	9.92	24.71	7.03	17.53	14.54	4.98	9.26	19.58	12.9	30.93	10.63	33.74	8.4	19.3	33.1	23.75	8.35	30.74	23	10.53	14.15	13.51	14.11	6.62	15.59	24.94	12.87	6.74	14.58	30.49	13.16	12.89	26.86	29.46	65.8	14.24	7.87	15.59	16.17	17.7	32.15	12.05	38.02	7.52	19.07	13.87	23.19	58.2	11.07	20.35	23.08	27.25	74.7	16.49	17.95	19.04	25.96	17.42	13.21	23.83	14.24	11.27	11.07	15.72	3.92	27.86	2.95	9.94	8.99	5.09	5.19	10.01	4.5	7.22	15.6	5	17.19	15.38
7.3	7.22	2.53	5.91	6.47	13.48	9.29	12.11	13.68	6.69	3.36	7.46	10.14	15.25	44.13	3.14	45.92	59.9	6.62	11.96	27.77	15.53	8.12	5.93	11.22	2.84	2.29	9.95	25.03	7.03	17.02	14.46	5.13	9.14	19.77	12.57	30.3	10.74	34.03	8.37	19.46	33.75	24.08	7.96	29.75	22.8	10.41	14.36	13.43	14.3	6.67	15.46	24.82	12.5	6.71	14.37	30.25	13.1	12.92	26.48	30.15	65.2	14.22	7.78	15.71	16.13	17.78	31.37	12.05	38.52	7.8	19.97	13.83	23.55	58.73	11.21	20.1	22.25	26.08	73.6	16.42	17.9	19.4	25.92	17.75	13.25	24.02	14.11	11.2	10.99	15.28	4.1	27.54	2.9	9.75	9.01	5.16	5.17	10.07	4.51	7.32	15.15	5	16.83	14.75
7.06	7.36	2.6	6.02	6.45	13.73	9.34	12.15	13.38	6.89	3.3	7.48	9.67	15.24	43.99	3.12	46.5	59.15	6.52	11.83	29.39	15.45	8.03	5.99	11.25	2.79	2.3	9.81	25.07	6.93	16.8	14.38	5.09	9.31	19.91	12.95	29.55	10.44	34	8.32	18.87	33.51	23.77	7.16	29.63	22.84	10.55	14.26	13.4	14.11	6.78	15.56	24.44	12.53	6.73	14.34	30.19	12.94	12.82	25.92	30.94	66.3	14.32	7.85	16.41	15.78	17.46	31.46	12.06	38.17	8.06	19.57	13.92	23.4	59.06	11.09	20.9	22.07	25.05	74.3	16.26	17.77	19.91	26.48	17.64	13.31	24.31	14	11.03	10.95	15.31	4.01	27.15	2.96	9.65	9	5.25	5.14	9.99	4.5	7.04	15.1	5.02	16.64	14.63
7.06	7.46	2.61	6.23	6.47	13.73	9.53	12.02	13.93	7	3.33	7.51	9.44	15.13	46	3.13	47.88	58.48	6.64	12.21	29.52	15.61	8.16	6.04	11.22	2.84	2.28	9.93	24.61	6.96	17.14	14.51	5.11	10.07	20.33	13.15	29.89	10.46	33.52	8.36	18.65	33.64	23.6	6.99	30.22	23.54	10.54	14.22	13.39	14.2	6.83	15.64	24.74	12.83	6.75	14.33	30.8	12.81	13.44	23.85	30.85	67.4	14.53	7.85	16.17	15.87	18.13	31.34	11.88	38.03	8.01	19.84	13.83	23.49	58.86	10.78	21.05	22.28	25.15	74.59	15.69	18.3	19.93	26.11	17.98	13.76	24.58	13.92	11	10.98	15.28	4.01	27.74	3.02	9.67	8.92	5.21	5.19	10.38	4.48	6.94	15.07	5	16.86	15
7.11	8.22	2.55	6.31	6.56	13.9	9.43	12.18	14.17	7.12	3.29	7.43	9.58	14.27	45.23	3.1	46.94	60.81	6.68	12.07	29.1	15.43	8.13	6.01	11.28	2.94	2.28	10.02	24.44	7.66	17.45	14.51	5.07	10.11	19.55	12.85	29.76	10.66	33.56	8.33	18.7	35.08	23.97	7.04	31.03	22.85	10.49	14.26	13.5	14.09	6.83	15.62	24.51	13.08	6.75	14.43	31.21	12.75	13.46	23.96	30.37	66.2	14.44	7.9	15.87	15.92	17.62	31.7	11.86	38.37	8.1	19.54	14.07	23.54	58.75	10.77	20.65	21.8	24.89	73.18	15.75	18.32	20.38	25.12	18.03	13.49	24.43	13.76	11.01	10.83	15.5	3.99	28.58	3.01	9.7	8.93	5.21	5.09	10.78	4.5	6.95	15.1	4.92	17	14.74
6.76	8.25	2.37	6.36	6.95	14.06	9.36	12.27	14.07	7.04	3.25	7.56	9.27	15.39	45.45	3.14	47.47	61.44	6.47	11.78	28.9	15.2	8.17	6.01	12.25	2.93	2.29	10.02	24.28	7.73	17.54	14.39	5.01	10.32	21.51	13.23	29.76	10.64	34.46	8.4	19.18	34.27	24.57	7	31.18	21.71	10.43	14.64	13.57	13.91	6.7	15.3	25.69	13.16	6.54	14.28	30.34	12.77	13.69	23.5	30.92	66.53	13.61	8	15.91	16.07	17.84	32.24	11.71	37.94	8.06	18.8	13.96	23.63	58.4	10.53	21.45	22.11	24.43	72.26	15.63	18.9	21.39	24.71	17.09	13.65	24.7	13.82	10.85	10.86	15.57	4.07	28.1	2.98	9.66	8.81	5.2	5.13	10.87	4.53	7.05	14.91	4.9	16.97	14.88
6.62	8.09	2.34	5.86	6.85	13.84	9.79	12.28	14.09	6.97	3.27	7.54	9.56	15.37	45.91	3.12	47.47	61.28	6.53	11.81	29.05	15.51	8.16	5.98	12.02	2.92	2.34	9.93	24.43	7.82	17.64	14.47	5	10.35	21.23	13.2	29.68	10.69	34.06	8.18	18.8	34.28	24.4	6.81	31	21.89	11.02	14.87	13.58	13.87	6.72	15.31	25.21	13.02	6.64	14.28	30.14	13.29	14.18	23.59	30.37	65.82	13.22	7.96	16.36	15.82	17.7	32.42	11.64	37.73	7.96	18.71	14.35	23.48	57.42	10.65	21.36	21.71	24.22	79.58	15.86	18.62	21.39	24.01	17.57	13.73	24.97	13.7	10.95	10.95	15.92	3.91	27.48	3.01	9.61	8.86	5.21	5.15	10.57	4.62	7.12	15.07	4.94	17.15	14.77
6.41	7.83	2.26	6.04	6.82	14	9.93	12.16	13.95	6.88	3.28	7.48	9.68	16.91	45.4	3.11	48.83	62.41	6.46	11.9	29.19	15.7	8.25	6.01	12.16	2.97	2.3	10.07	23.93	7.75	17.63	14.51	5	10.21	21.23	13.11	30.23	11.03	34.62	8.21	18.54	34.33	24.5	6.82	31.81	22.81	11.15	15.94	13.86	13.81	6.71	15.72	25.74	12.99	6.58	14.26	30.21	13.2	14.62	23.94	29.95	65.88	13.31	8.22	16.13	15.81	18.15	34.11	11.51	37.82	8.09	19.31	14.54	23.48	57.55	10.7	20.87	21.61	24.61	79	15.73	18.63	21.1	24.3	17.69	13.71	25.43	13.6	10.84	10.9	15.93	3.87	27.72	2.97	9.62	8.73	5.22	5.16	10.33	4.56	7.07	15.07	4.97	17.31	14.64
6.55	8.17	2.14	6.24	6.72	13.85	10.16	12.13	14.17	6.91	3.3	7.4	9.62	16.64	45.22	3.12	48.83	61.9	6.34	12.04	29.46	15.79	8.25	6.08	12.34	2.91	2.36	10.11	24.94	7.67	17.79	14.53	4.96	10.27	21.5	13.15	31.8	10.78	34.76	8.14	18.51	34.27	24.16	7.05	31.47	22.55	11.06	16.18	13.76	13.77	6.68	15.76	25.68	12.84	6.59	14.19	30.27	13.19	14.39	23.59	29.12	65.21	13.34	8.14	16.01	15.88	18.27	34.15	11.65	38.33	8.06	18.92	14.21	22.5	59.43	10.47	21.24	22.3	24.91	79.09	16.31	19.2	20.61	24.07	18.31	13.96	25.14	13.61	10.79	11.08	15.79	3.87	27.44	2.97	9.57	8.73	5.26	5.1	10.28	4.54	6.74	15.09	4.9	17.14	14.86
6.53	8.57	2.2	6.44	6.81	13.62	10.11	12.36	14.13	6.91	3.29	7.42	9.58	16.74	45.03	3.21	48.89	62.58	6.4	11.81	32.21	15.87	8.17	6.2	12.14	2.87	2.36	9.95	25.67	7.7	18.41	14.55	4.94	10.13	21.27	11.83	31.25	10.64	35.7	8.13	18.61	33.75	23.82	7.02	29.85	22.98	11.75	15.92	13.58	13.75	6.72	15.77	25.28	12.85	6.64	14.05	30	13.48	14.53	23.52	28.7	65.91	13.24	8.21	16.57	15.78	18.23	33.96	11.44	38.23	8.15	19.09	14.38	22.39	59.37	10.51	21.36	22.37	24.08	81.55	16.33	18.62	20.7	24.16	18.03	13.85	24.75	13.65	10.61	10.87	15.64	3.83	27.07	2.95	9.63	8.6	5.23	5.11	10.24	4.56	6.61	15.03	4.9	17.04	14.77
6.73	8.37	2.19	6.4	6.77	13.83	10.13	12.49	14.11	6.83	3.28	7.45	9.32	16.29	44.91	3.19	48.89	61.4	6.56	11.77	31.38	16.27	8.12	6.26	12.23	2.85	2.4	9.96	25.73	7.58	18.1	15.65	4.96	9.65	21.31	11.37	31.18	10.66	35.3	8.19	18.84	33.57	23.97	6.93	30.78	23.21	11.96	15.6	13.12	13.74	6.77	15.77	25.18	13.02	6.85	14.62	29.63	13.34	13.53	23.65	29.09	66.2	13.41	8.4	16.47	15.76	18.27	33.5	11.44	37.89	8.05	19.12	14.91	22.29	59.55	10.42	21.49	22.35	24.3	82.35	16.2	18.22	21.87	21.74	18.02	13.75	24.25	13.84	10.57	10.97	15.57	3.83	27	2.94	9.53	8.41	5.26	5.11	10.26	4.56	6.61	15.19	4.93	17.09	14.49
6.92	8.03	2.17	6.44	6.78	13.94	10.38	12.62	14	6.82	3.33	7.38	9.3	16.32	45.06	3.19	47.5	61.48	6.69	11.78	32	15.94	8.1	6.22	12.2	2.9	2.37	9.97	25.62	7.02	19	15.38	4.94	9.95	21.07	11.6	31.22	10.7	35.65	8.3	19.35	33.57	23.75	6.91	31.41	22.65	11.6	15.68	13.26	13.8	6.91	15.73	24.75	12.73	6.82	14.73	29.65	13.19	13.89	23.52	29.23	65.15	13.85	8.21	17.03	16.49	18.06	33.77	11.54	38.06	8.03	19.15	14.95	22.22	59.63	10.5	21.3	22.35	24.54	81.3	16.12	18.35	21.7	21.33	18.24	13.77	24.52	13.19	10.48	11.09	15.45	4	26.72	2.93	9.58	8.59	5.32	5.15	10.11	4.54	6.47	15.23	4.91	16.95	14.81
6.77	8.65	2.21	6.62	6.68	13.93	10.14	12.52	13.93	6.94	3.35	7.38	9.2	16.54	44.3	3.18	47.74	61.09	6.64	11.92	32.09	15.85	8.04	6.18	11.52	2.89	2.36	9.96	25.31	7.12	18.98	15.47	4.93	10.36	20.67	11.18	31.88	10.6	35.05	8.14	19.26	33.5	24.2	6.94	30.93	22.88	11.36	15.42	13.33	13.84	6.97	15.42	24.91	12.91	6.81	14.71	30.42	13.15	14.29	23.89	29	64.9	14.05	8.13	16.83	16.34	17.97	34.08	11.57	37.9	8.19	18.9	14.71	22.29	59.78	10.53	21.26	22.58	24.83	79.81	16.22	18.89	21.47	21.05	17.93	13.64	24.48	13.09	10.36	11.12	15.43	4.01	26.96	2.93	9.59	8.63	5.61	5.12	10.07	4.57	6.76	15.02	4.91	17.11	15.1
7	9.15	2.24	6.34	6.68	13.95	10.03	12.46	13.98	6.72	3.36	7.46	9.23	15.62	44.25	3.16	47	61.16	6.8	11.74	32.41	15.94	8.08	6.15	11.59	2.9	2.35	9.92	25.3	7.3	18.96	15.59	4.88	10.08	21.29	10.75	31.5	10.72	34.72	8.21	19.4	33.85	24.75	6.73	30.96	22.61	10.87	15.56	14.07	13.81	7.02	15.4	24.99	12.58	6.84	14.85	30.21	12.71	14.18	23.3	29.04	64.7	13.62	8.09	16.23	16.44	17.79	34.42	11.46	37.42	8.28	18.91	14.81	22.05	60.89	10.23	20.94	22.89	24.31	74.78	17.84	19.03	22.36	21.39	17.61	13.77	24.14	12.98	10.31	11.42	15.64	4	26.38	2.95	9.53	8.64	5.49	5.23	10.09	4.61	6.77	15.05	5.08	17.08	15.07
6.89	8.77	2.26	6.39	6.74	13.93	9.96	12.55	14.5	6.81	3.36	7.51	9.25	15.08	44.22	3.17	47.28	60.8	6.78	12.23	31.8	15.86	8.05	6.12	12.11	2.92	2.34	10.95	25.59	7.39	19.69	15.44	4.9	10.34	21.3	10.93	31.4	10.55	34.91	8.18	19.89	33.92	24.83	7.01	31.29	22.14	10.92	15.2	14.01	14.45	6.95	15.42	25.2	12.69	6.78	14.73	30.06	12.69	14.37	23.03	28.83	65.02	13.74	8.17	16.13	17.08	17.82	33.96	11.61	37.57	8.2	18.74	14.87	22.08	59.98	10.31	20.72	22.63	24.71	75.06	17.58	19.69	21.9	21.86	18.43	13.46	24.4	12.96	10.25	11.34	15.79	3.99	26.43	2.85	9.56	8.68	5.34	5.2	10.04	4.6	7.03	15.07	5.06	16.63	15.21
6.73	8.82	2.24	5.96	6.54	14.18	10.25	12.69	14.64	6.77	3.35	7.51	9.59	15.22	44.62	3.15	48.7	60.73	6.8	12.28	31.56	15.71	8.09	6.12	11.91	2.85	2.27	10.7	25.55	7.5	20.94	15.51	4.92	10.34	21.68	10.75	31.23	10.37	34.45	8.14	20.08	33.47	25	7.19	30.79	22.75	11.12	15.37	13.89	14.25	6.95	15.18	25.38	12.86	6.74	14.61	29.66	13.05	14.4	22.78	28.46	64.88	14.11	8.34	16.6	16.87	18.05	33.98	11.63	37.64	8.15	19.65	14.47	22.35	57.07	10.28	20.95	22.49	24.46	77.28	17.32	19.34	21.91	21.59	18.57	13.39	24.98	13.01	10.31	11.28	15.7	3.97	26.58	2.85	9.57	8.82	5.34	5.19	10	4.61	6.99	15.02	5.04	16.69	15.13
6.61	8.82	2.15	6.04	6.58	14.32	10.32	12.74	14.53	6.77	3.48	7.74	9.58	14.76	44.45	3.03	50.2	60.77	6.63	12.48	31.7	15.86	8.02	6.02	12.1	2.87	2.27	10.75	24.75	7.42	23.03	15.43	4.96	10.9	22.16	11.12	32.36	10.22	34.13	8.13	20.2	34.62	25.51	7.17	29.92	22.84	10.92	15.43	13.81	14.29	6.92	15.34	25.26	13.01	6.81	14.48	28.73	12.71	14.19	22.77	28.57	66.53	14.02	8.32	16.6	16.95	17.9	34.7	11.66	37.61	8.15	19.84	14.47	22.7	56.69	10.29	21.64	21.99	24.33	75.84	17.35	19.33	22.71	21.69	18.7	13.46	25.31	13.03	10.21	11.2	15.71	3.97	26.53	2.82	9.56	8.71	5.49	5.19	10.31	4.69	7.14	15.17	5.06	16.7	15.49
6.6	8.76	2.15	6.24	6.57	14.25	10.54	12.68	14.55	6.9	3.58	7.69	9.56	14.44	45.57	3.05	49.27	60.29	6.95	12.43	31.4	15.89	7.92	6.02	12.22	2.86	2.31	10.76	25.31	7.39	24.22	14.66	5.01	11.22	21.78	10.98	32.2	10.17	33.89	8.13	19.8	34.63	25.16	7.02	29.25	22.91	10.94	16.03	14.35	14.31	7.03	15.1	25.02	13.42	6.79	13.92	28.93	12.76	14.29	22.7	28.9	68.23	14.12	8.38	16.41	16.92	18.18	35.27	11.6	37.83	8.09	19.6	14.59	22.51	58.77	10.52	21.86	22.07	24.1	76.52	17.23	18.2	21.87	21.8	19.32	13.38	25.13	13.04	10.45	11.21	15.77	3.94	26.57	2.81	9.59	8.7	5.45	5.2	10.25	4.69	7.17	16.29	5.06	16.71	15.53
6.72	8.49	2.16	6.17	6.52	14.44	10.29	12.57	15	6.93	3.55	7.66	9.76	14.51	45.28	3.09	49.73	61.82	7.33	12.65	30.24	15.83	7.96	6.05	12.21	2.9	2.28	10.65	25.1	7.26	25	14.71	4.99	11.11	21.47	10.78	33.17	10.43	33.67	8.11	19.44	33.65	24.2	7.39	29.4	22.84	10.93	16.1	14.36	14.15	7.2	15.17	25.5	13.18	6.88	14.18	28.99	12.97	14.37	22.81	28.5	68.1	14.15	8.48	16.54	15.94	18.58	36.2	11.61	38.38	8.25	19.65	14.35	22.76	59.05	10.45	22.01	22.58	25.57	75.9	16.68	18.4	21.99	21.52	19.12	13.29	25.41	12.91	10.38	11.33	15.73	3.78	27.28	2.83	9.84	8.72	5.38	5.17	10.26	4.69	7.02	16.07	5.03	16.81	15.75
6.79	7.93	2.13	6.19	6.59	14.59	10.06	12.61	14.88	6.97	3.5	7.73	9.63	15.05	45.36	3.05	49.29	61.6	7.18	13.18	30.03	15.93	7.85	5.95	12.67	2.94	2.29	10.68	25.26	7.45	24.55	14.94	5.01	10.93	21.63	10.78	32.8	10.22	33.61	8.05	19.58	33.79	23.38	7.54	30.06	23.47	10.85	16.12	14.38	14.3	7.17	15.24	25.3	12.96	6.79	14.39	29.18	12.78	14.01	23.2	28.84	71.2	14.28	8.38	16.7	15.99	18.2	35.62	11.75	38.21	8.68	19.15	14.38	22.53	58.84	10.32	21.68	23.62	25.4	76.57	16.69	18.13	21.89	21.16	19.35	13.36	25.1	12.98	10.3	11.18	15.75	3.79	27.22	2.83	9.82	8.74	5.38	5.15	10.28	4.67	6.75	16.1	5.01	16.82	15.45
6.63	7.82	2.11	6.16	6.75	14.3	10.27	12.58	15.02	6.95	3.49	7.65	9.53	15.02	46.3	3.06	49.13	61.86	7.13	13.03	30.3	16.14	7.96	5.95	12.64	2.93	2.31	11.1	25.14	7.46	24.4	14.62	4.87	11.39	21.68	10.7	33.35	10.06	33.83	8.05	19.78	33.83	23.77	7.62	29.64	23.84	10.9	15.63	15.83	14.23	7.22	15.15	25.5	12.99	6.82	14.18	29.03	12.9	14.55	23.11	28.7	71.68	14.32	8.32	16.42	16.33	18.9	35.98	11.8	38.33	8.57	19.37	14.28	21.59	59.23	10.27	21.56	23.96	26.35	78.02	16.69	18.42	22.78	21.55	19.06	13.44	24.58	13.08	10.17	11.06	15.83	3.84	27.15	2.83	9.8	8.73	5.34	5.03	10.3	4.66	6.79	16.12	4.87	16.85	15.8
6.94	8.25	2.19	6.32	6.71	14.62	10.08	12.62	14.99	7.01	3.47	7.62	9.51	15.38	46.5	3.05	48.75	63.66	7.35	12.13	29.32	16.07	8.1	5.95	12.44	2.93	2.29	11.58	24.93	7.49	24.3	14.77	4.86	11.77	21.46	10.62	34.2	10.53	34.01	8.12	19.38	33.77	23.82	7.51	29.92	23.57	10.74	16.58	16.75	13.7	7.12	15.18	25.21	12.57	6.85	14.27	29.17	13.09	14.45	22.77	28.44	72.59	14.41	8.22	16.35	16.08	18.39	38	11.6	38.08	8.72	19.79	14.23	21.62	59.02	10.41	21.85	23.97	26.15	76.38	16.43	19.03	22.65	21.39	17.88	13.22	24.83	13.01	10.08	11.2	15.63	3.77	27.36	2.83	9.8	8.73	5.33	5.04	10.2	4.67	6.97	15.96	4.93	16.81	15.65
7.18	7.96	2.21	6.23	6.72	14.67	9.85	12.53	14.72	6.99	3.46	7.56	9.11	15.19	49.11	3.05	49.8	63.38	7.15	12.13	29.61	15.84	8.1	5.96	12.8	2.92	2.31	12.79	25.25	7.52	24.11	14.96	4.81	11.63	21.76	10.83	33.85	10.49	33.41	8.15	19.85	33.8	24.02	7.45	29.36	23.39	10.58	17.12	17.03	13.8	7.13	15.25	26.1	12.74	6.8	14.32	29.29	12.82	14.38	22.9	28.54	71.1	14.05	8.16	16.66	16.31	18.41	37.73	11.56	35.82	8.64	19.7	14.18	21.49	60.55	10.5	21.59	24.85	26.6	75.64	16.44	19.3	22.95	21.2	17.75	13.24	24.67	12.83	9.92	11.13	15.69	3.78	27.33	2.86	9.76	8.68	5.26	5.07	10.12	4.71	6.84	15.99	4.99	16.57	16.15
7.43	7.87	2.22	6.35	6.75	14.67	10.08	12.4	15.13	6.89	3.52	7.35	9.12	14.87	49.28	3.07	49.38	63.7	7.06	13.13	30.76	15.62	8.09	5.96	12.99	3.02	2.28	12.71	25.78	7.59	24.12	15.12	4.85	11.6	21.05	10.9	33.71	10.55	32.95	8.17	19.72	33.52	23.74	7.51	29.14	23.35	10.72	17.29	16.83	14.02	7.09	15.34	26.14	12.63	6.81	14.21	28.93	12.95	14.27	22.78	28.42	69.57	13.95	8.21	16.95	16.42	18.56	37.72	11.65	35.35	8.49	19.69	14.13	21.84	59.66	10.42	20.96	24.66	26.54	76.94	16.55	19.02	22.3	21.05	18.42	13.11	24.45	12.93	9.47	11.2	15.74	3.76	27.07	2.87	9.76	8.76	5.2	4.99	9.82	4.58	7.04	15.89	4.97	16.56	16.26
7.26	7.72	2.27	6.45	6.78	14.06	10.18	12.43	15.15	6.83	3.56	7.37	9.19	14.71	47.38	3.05	49.69	63.57	6.97	13.16	31	15.59	8.1	6	12.88	3.02	2.27	12.83	24.99	7.62	24.2	15.5	4.83	11.45	21.28	10.91	33.85	10.29	33.11	8.13	19.39	33.58	24.02	7.38	29.47	23.25	10.76	17.15	17.13	13.82	7.11	15.42	26.17	12.58	6.94	14.8	28.2	12.98	14.18	22.48	28.34	71.2	14.12	7.81	16.86	16.19	18.27	36.3	11.93	34.81	8.51	19.98	14.25	21.68	58.74	10.29	21.44	24.15	26.66	79.28	16.61	18.78	22.1	20.89	19.03	13.18	24.43	13.18	9.51	11.41	15.87	3.79	27.12	2.89	9.75	8.78	5.26	5.01	9.85	4.58	7.21	15.11	5.01	16.59	16.34
7.83	7.52	2.26	6.42	6.71	13.89	10.33	12.52	14.55	7.26	3.52	7.51	9.07	15.14	48.48	3.01	49.7	61.58	6.96	13.01	31.2	15.68	8.07	6.02	12.91	3.12	2.29	12.62	25.9	7.9	23.61	15.42	4.86	11.74	21.11	10.84	34.15	9.87	33.44	8.13	19.4	33.33	24.22	6.9	29.88	22.7	10.8	17.05	16.83	13.85	7	15.4	25.65	12.73	6.99	14.59	28.44	13.11	14.45	22.09	27.74	72.64	13.85	7.92	17.27	16.37	18.45	35.69	11.97	34.95	8.54	17.98	14.09	21.66	59.3	10.36	22.04	24.13	24.7	79.6	16.75	18.57	21.91	21.09	18.96	13.06	24.6	13.22	9.28	11.34	15.68	3.91	26.7	2.86	9.61	8.75	5.32	5.01	9.99	4.6	7.13	15.2	4.98	16.6	16.11
7.99	7.63	2.29	6.42	6.68	13.98	10.4	12.07	14.81	7.51	3.56	7.4	9.17	14.89	49.54	3.04	47.39	61.8	6.86	13.25	31.69	15.72	8.06	6.02	12.88	3.11	2.31	12.13	26.41	7.81	23.26	15.19	4.87	11.61	21.01	10.79	33.19	10.02	32.91	8.16	19.17	33.01	24.09	6.88	29.99	22.78	10.86	17.23	16.87	13.87	7.06	15.29	25.56	12.67	6.96	14.22	28.32	13.1	14.27	21.48	27.27	72.62	13.9	7.85	17.02	16.29	18.36	36.2	12.08	35	8.36	17.58	13.59	21.73	59.93	10.31	21.82	23.96	24.84	80.55	16.47	18.35	22.65	21.5	18.84	12.73	24.4	13.22	9.37	11.15	15.7	3.99	26.32	2.89	9.64	8.81	5.28	4.98	10.05	4.55	7.16	15.42	4.96	16.76	15.89
7.7	7.89	2.3	6.48	6.8	14.05	10.53	12.08	14.56	7.3	3.6	7.43	9.21	14.92	49.29	3.06	48.38	62.27	6.85	12.98	30.79	15.58	8.39	6.12	13.1	3.15	2.31	12.26	26.18	7.77	23.59	15.64	4.87	11.42	21.04	10.96	33.47	9.76	32.68	8.09	18.75	33.47	23.4	7.02	30.5	22.86	10.74	17.77	16.28	13.97	7.22	14.81	25.75	12.56	7.03	14.52	28.33	13.22	14.04	20.28	27.96	76.2	13.53	7.7	16.87	16.04	18.29	36.1	12.13	34.38	8.46	17.83	13.5	21.98	60.03	10.17	22.85	23.84	25.49	78.4	16.47	18.74	23.83	21.6	18.66	12.06	24.35	13.1	10.05	11.44	15.8	3.87	26.56	2.93	9.63	8.78	5.27	5.01	10.02	4.56	7.02	15.14	4.98	16.81	15.98
7.69	8.11	2.29	6.46	6.95	14.03	11.59	12.06	14.21	7.21	3.53	7.64	9.15	14.54	49.76	3.08	48.65	61.48	6.99	13.14	30.31	15.71	8.38	6.11	13.09	3.19	2.31	12.06	26.38	7.81	23.16	15.94	4.76	11.25	21.27	11.08	35.23	9.87	32.5	8.06	19.13	34.02	23.69	6.89	31.45	22.87	10.89	18.44	15.96	14.19	6.94	14.82	25.86	12.46	7.06	14.77	28.33	14.18	13.9	20.71	27.12	74.18	13.27	7.72	16.62	16.3	18.08	37.67	12.58	34.5	8.65	17.84	13.63	21.21	60.64	10.37	22.82	23.76	25.1	82.96	16.47	19.7	24.09	21.1	19.28	11.99	24.4	13.12	9.97	11.29	15.75	3.9	26.08	2.94	9.57	8.81	5.33	4.98	9.98	4.56	6.94	15.17	4.94	16.94	16.92
7.51	8.35	2.26	6.35	6.95	13.9	11.7	12.07	14.32	7.44	3.48	7.55	9.17	14.5	51.61	3.06	48.8	61.88	6.9	12.84	30.51	15.51	8.29	6.08	13.31	3.24	2.31	12.71	27.05	7.58	23.13	15.88	4.78	11.31	21.46	11.01	35.56	9.95	31.22	8.02	18.77	33.76	25.08	7.29	31.53	22.86	11.03	18.56	16.49	14.18	6.99	14.86	25.39	12.48	6.98	14.65	29.19	13.95	13.78	20.68	26.85	72.98	13.2	7.84	16.86	17.43	18.05	36.65	12.34	34.57	8.3	17.75	13.38	21.38	61.02	10.35	22.68	24.81	25.11	81.85	16.78	20.02	25.69	21.34	19	11.82	24.52	13.24	9.76	11.25	15.67	3.93	26.15	2.97	9.57	8.81	5.27	4.9	9.98	4.56	7.03	15.16	4.89	17.03	16.77
7.56	8.36	2.25	6.31	7.08	13.9	12.08	12.11	14.32	7.32	3.5	7.45	9.11	14.29	50.52	3.06	49.69	62.21	6.99	12.56	30.3	15.52	8.35	5.97	13.27	3.37	2.34	12.45	28.77	7.62	23.25	15.96	4.76	11.17	20	11.01	35.35	9.87	31.55	7.84	18.48	34.19	24.86	7.32	31.4	22.72	10.95	19.3	16.27	13.94	6.98	14.96	25.4	12.67	6.96	14.65	29.24	13.93	13.62	20.56	26.83	73.1	13.29	7.85	17.07	17.12	18.05	35.23	12.36	34.15	8.47	17.42	13.27	21.09	61.08	10.11	22.86	24.09	25.01	81.82	16.58	20.25	25.95	21.17	18.86	11.86	24.55	13.16	9.86	11.09	15.59	3.93	25.84	2.93	9.6	8.82	5.2	5.39	10.03	4.6	6.98	15.34	4.94	16.87	16.84
7.27	8.3	2.31	6.45	7.09	14.04	11.88	12.23	14.35	7.32	3.43	7.49	8.91	13.92	52.46	3.11	49.77	61.71	6.88	12.8	30.12	15.58	8.73	6.16	13.27	3.34	2.34	12.16	28.26	7.55	23.76	15.79	4.75	11.49	20	10.98	34.88	9.85	31.22	7.86	18.78	33.77	25.24	7.35	31.73	23.42	10.88	19.39	16.21	14.15	7.01	14.94	25.55	12.53	7.03	14.62	29.13	13.93	13.78	21.05	25.76	72.11	13.3	7.79	17.03	17.12	18.08	35.19	12.23	33.12	8.6	17.73	12.11	21.09	60.43	10.23	22.32	25.04	24.9	80.19	16.59	19.65	25.63	21.08	19.8	12.01	24.4	13.16	10.07	11.15	15.73	3.89	25.62	2.94	9.61	8.73	5.2	5.79	9.96	4.57	7.01	15.56	4.95	16.73	17.46
7.34	8.35	2.15	6.47	7.01	13.69	11.69	12.19	14.45	7.27	3.43	7.72	9.02	13.97	52.05	3.18	49.05	62.96	6.83	12.86	30.6	15.35	8.68	6.39	13.14	3.27	2.34	12.57	28.56	7.58	23.88	16.3	4.74	11.42	19.98	10.9	33.66	9.89	31.64	7.85	19.05	33.35	24.98	7.93	32.64	23.07	10.86	19.19	16.73	14.14	7.12	14.92	25.38	12.13	6.96	14.78	29.06	13.85	14.05	21.09	26.1	71.22	13.45	7.83	16.93	17.17	18.37	34.86	11.96	33.32	8.57	17.58	12.06	21.13	60.45	10.14	22.28	24.75	25.24	79.8	16.34	19.09	25.52	21.07	19.57	11.68	24.25	12.97	9.98	10.2	15.74	3.89	25.7	2.88	9.64	8.76	5.23	5.59	9.82	4.52	6.98	15.46	5.03	16.82	17.59
7.37	8.16	2.18	6.45	6.9	13.87	11.98	12.24	14.87	7.18	3.42	7.64	9.06	13.61	50.8	3.15	49.18	62.67	6.84	12.93	31.38	15.5	8.54	6.3	13.41	3.24	2.36	12.26	27.99	7.45	22.3	16.33	4.83	11.35	19.29	11.07	33.71	9.72	31.63	7.83	19.25	33.02	24.86	8.03	32.18	23.16	10.85	18.73	18.3	14.44	7.18	15	25.4	12.17	7.03	14.89	29.22	14.1	13.9	20.9	25.73	73.5	13.47	8.19	16.8	17.36	18.38	35.75	11.38	32.75	8.64	17.64	11.75	22.2	61.56	10.39	22.61	24.25	24.91	77.79	15.82	18.54	26.15	20.27	19.52	11.61	24.34	13.01	10.07	10.19	15.79	3.96	25.74	2.89	9.59	8.73	5.18	5.55	9.93	4.55	6.97	15.19	5.01	16.7	16.55
7.41	8.12	2.2	6.27	7.02	13.76	12.28	12.38	14.84	7.04	3.53	7.61	9.35	13.39	52.03	3.16	48.23	62.07	6.96	12.92	31.33	15.6	8.44	6.22	13.4	3.25	2.35	11.83	28.38	7.38	21.9	16.3	4.86	11.23	19.42	11.11	33.81	9.34	31.78	7.9	19.07	32.98	25.06	8.08	32.73	23.4	10.97	17.97	18.17	14.33	7.28	15.05	25.65	12.07	7	14.97	28.8	14	13.8	20.91	26.03	73.14	13.61	8.05	16.25	17.4	18.38	35.24	11.42	32.7	8.58	17.72	11.89	22.21	61.82	10.38	23.11	24.42	24.47	79.78	15.88	18	25.8	18.57	19.4	11.66	25.02	13.01	10.05	10.11	15.83	4	25.59	2.89	9.49	9.03	5.18	5.52	10	4.55	7.06	15.44	5.03	16.79	17.16
7.79	8.5	2.17	6.17	6.96	13.53	12.35	12.49	14.72	7.05	3.62	7.66	9.32	13.89	52.42	3.13	48.27	63.19	6.92	12.74	31.42	15.53	8.65	6.39	13.4	3.26	2.39	11.59	28.44	7.45	21.22	16.3	4.85	10.96	19.38	11.05	34.04	9.27	32.58	7.94	19.7	33.16	24.97	8.42	32.52	24.36	11.08	18.38	18.32	14.39	7.3	14.73	25.58	12	7.06	14.87	29.04	14.19	13.54	21.54	26.39	72.3	13.62	7.82	16.32	17.96	18.25	35.38	11.32	32.46	8.38	18.23	11.9	22.3	60.86	10.53	23.98	24.22	25.14	79.75	15.88	18.51	26.15	19.17	19.18	11.63	24.61	13.01	10.23	10.18	16.07	4.05	25.71	2.91	9.54	8.82	5.14	5.49	10.13	4.6	7.5	15.69	5.12	17.02	16.81
7.37	8.53	2.16	6.23	6.87	13.6	12.12	12.35	14.65	7.15	3.61	7.75	9.37	13.59	51.7	3.14	47.4	64.22	6.91	13	31.15	15.5	8.36	6.3	13.21	3.33	2.42	11.59	28.6	7.03	21.26	16.25	4.9	10.97	19.56	11	34.03	9.27	32.38	8	20.09	32.83	24.74	8.4	32.06	24.29	11.03	18.4	18.13	14.9	7.6	14.8	25.11	12.06	7.22	14.79	29.32	14.23	13.78	21.29	26.68	71.92	13.74	7.89	16.25	18.03	18.1	35	11.29	32.27	8.24	18.28	11.79	22.31	60.7	10.17	24.04	24.95	25.44	78.28	15.98	18.59	28.07	18.88	19.55	11.56	24.91	12.97	10.2	10.27	16.36	4.04	25.65	2.91	9.52	8.82	5.16	5.54	10.02	4.64	7.43	15.66	5.27	17.05	16.01
7.26	8.46	2.17	6.12	6.87	13.72	11.91	12.27	14.89	7.14	3.54	7.83	9.64	13.64	52.03	3.19	49.15	64.16	6.82	13.04	32.11	15.51	8.09	6.37	12.83	3.38	2.42	11.63	28.95	6.95	21.31	16.23	5.01	10.85	19.42	10.78	33.45	9.21	31.38	8.04	20.2	33.03	24.5	8.21	31.63	23.3	10.94	18.02	17.88	14.86	7.66	14.88	25.29	11.96	7.44	14.76	30.33	14.87	13.85	21.37	26.92	71.52	14.01	8.01	15.81	18.12	17.9	36	11.53	32.2	8.26	18.15	11.98	22.98	60.56	10.7	23.64	24.61	25.49	77.64	15.93	18.73	27.47	18.78	19.42	11.47	24.84	12.85	10.2	10.11	16.94	4.01	25.56	2.91	9.57	8.91	5.17	5.53	10.08	4.62	7.54	15.73	5.22	17.09	16.23
7.39	8.28	2.25	6.23	6.88	13.72	11.89	12.78	15.18	7.18	3.44	7.82	9.68	13.37	51.22	3.21	49.25	64.3	6.68	12.99	31.62	15.43	8.08	6.35	12.93	3.45	2.41	11.62	30.4	6.87	21.22	16.58	5	10.87	19.67	10.82	33.54	9.16	31.62	8.04	20.64	33.22	24.55	8.15	32.58	23.71	11.04	17.87	18.02	14.86	7.47	14.92	25.86	11.8	7.36	15.32	29.91	14.74	13.84	21.12	26.4	72.2	14.86	8.13	16.05	18.42	18.12	36.69	11.72	34.77	8.28	18.31	12.05	22.68	60.83	10.5	23.78	25.12	25.39	78.01	15.95	18.5	28	19.34	19.21	11.46	25.06	12.84	10.22	10.14	16.7	4	25.62	2.93	9.53	8.86	5.17	5.5	10.23	4.69	7.5	15.63	5.21	17.14	16.16
7.81	8.26	2.18	6.16	6.93	13.71	12	12.99	15.16	7.07	3.44	7.79	9.71	13.51	51.24	3.18	49.27	63.62	6.7	13.28	31.48	15.38	8.21	6.44	12.87	3.39	2.4	11.75	29.52	6.77	21.51	16.6	5.04	10.69	19.77	10.81	33.65	9.18	31.42	8.02	21.87	33.23	24.15	8.2	32.29	22.78	11.07	17.53	18.09	14.75	7.38	14.94	26.31	11.81	7.38	15.35	30.74	14.49	13.59	21.21	24.7	72.77	14.88	8.06	16.51	19.62	18.03	36.3	11.63	34.58	8.22	18.56	11.89	22.76	62.62	10.79	23.62	24.98	25.3	77.65	15.9	18.58	28.45	19.31	19.16	11.52	24.62	12.82	10.38	10.17	16.64	4.06	25.56	2.92	9.55	8.82	5.21	5.5	10.87	4.73	7.56	16.1	5.19	17.26	16.26
7.66	8.33	2.19	6.14	6.93	13.77	11.79	13.04	15.03	7.06	3.36	7.78	9.55	13.58	51.66	3.19	48.74	64.23	6.66	13.03	31.6	15.44	8.15	6.37	12.96	3.35	2.37	11.64	28.55	6.81	20.96	16.56	4.97	10.65	19.82	10.79	32.35	9.26	31.78	8.09	21.67	33.16	24.68	8.79	33.36	22.45	11.04	17.5	17.66	14.65	8.12	15.22	26.02	11.96	7.52	15.36	31.15	14.6	13.73	21.32	24.59	76.98	14.78	8.09	16.47	19.25	17.97	34.65	11.68	34.05	8.15	18.4	11.7	22.78	62.28	10.78	24.24	24.56	26.08	79.37	15.87	18.36	29.89	19.03	19	11.39	24.4	12.93	10.17	10.17	16.44	4.1	25.89	2.88	9.69	8.85	5.21	5.57	10.66	4.71	8.32	16.08	5.21	17.12	16.06
7.76	8.13	2.2	6.22	6.94	13.83	11.94	12.94	14.96	7.08	3.29	7.77	9.75	13.44	53.59	3.2	48.5	64.6	6.73	12.92	31.29	15.49	8.24	6.44	12.89	3.22	2.37	11.69	28.94	6.77	23.06	16.39	5.01	10.89	19.59	10.77	32.27	9.42	32.46	8.11	21.5	32.81	24.6	8.71	33.43	22.53	11.03	17.28	17.43	14.9	8.58	15.31	25.86	12.1	7.39	15.45	30.36	14.7	13.77	21.12	24.8	74.89	14.79	8.1	16.33	19.38	17.86	34.46	11.71	35.14	8.28	18.82	12.3	22.45	62.43	10.55	24.16	23.81	25.94	78.64	15.7	18.54	30.21	19.13	18.79	11.35	24.56	12.88	10.2	9.97	16.42	4.08	26.05	2.88	9.67	8.82	5.2	5.69	10.53	4.72	8.62	16.05	5.33	17.07	16.88
7.73	7.97	2.18	6.33	6.95	13.74	11.82	13.34	14.89	7.09	3.29	7.94	9.66	13.46	54.32	3.18	48.28	66.75	6.72	13.04	31.89	15.53	7.88	6.3	12.88	3.25	2.37	11.8	28.32	6.79	22.91	15.95	4.97	10.44	19.8	10.73	32.3	9.35	32.77	8.13	21.25	32.58	24.65	8.85	33.84	22.78	10.89	16.94	17.63	15.15	8.33	15.32	23.86	12.09	7.33	15.51	30.3	14.65	13.18	21.11	24.98	75.3	15.25	7.98	15.98	19.37	18.08	35.14	11.74	34.7	8.45	18.58	12.21	22.14	62.13	10.48	24.15	24.22	25.69	77.79	15.9	18.46	31.39	19.39	19.1	11.46	24.46	12.91	10.18	9.9	16.41	4.07	25.89	2.9	9.68	8.88	5.18	5.68	10.46	4.67	8.37	16.1	5.31	17.24	17.03
7.57	7.95	2.18	6.17	6.97	14.15	11.93	13.16	14.7	7.07	3.3	7.97	10	13.54	54.58	3.2	48.18	67.7	6.73	13.12	31.93	16	7.97	6.28	13.03	3.32	2.38	12.02	28.2	6.86	22.55	16	5.07	10.18	20.26	10.97	32.9	9.17	32.57	8.14	21.08	32.92	24.4	8.85	33.43	22.72	10.89	17.6	17.67	15.53	8.15	15.33	23.6	11.99	7.02	15.58	29.81	14.43	12.83	21.1	25.03	77.48	15.15	8.06	15.6	18.94	18.16	36.1	11.87	34.63	8.51	18.75	12.21	22.2	61.57	10.53	24.41	24.13	25.58	76.91	15.85	18.41	31.5	19.14	19.35	11.61	24.2	12.83	9.98	9.82	16.4	4.1	25.92	2.92	9.66	9.02	5.26	5.64	10.5	4.71	8.42	16.09	5.29	17.08	17
7.47	7.93	2.19	6.16	7.05	14.19	11.94	12.78	14.7	7.07	3.43	7.93	10.04	13.57	55.8	3.19	48.5	66.96	6.86	13.12	31.38	16.08	7.88	6.2	12.4	3.28	2.36	12.37	28.23	6.93	21.65	15.93	5.1	10.34	20.42	10.51	32.99	9.43	32.59	8.13	20.47	33.22	24.45	8.63	33.4	23.18	11.05	17.4	18.02	15.7	8.34	15.21	23.6	11.21	7.1	15.42	29.88	14.73	12.68	20.82	25.69	77.71	14.86	8.05	15.68	18.86	17.96	36.36	11.73	34.37	8.58	18.74	12.15	22.4	61.13	10.19	25.21	23.84	25.6	77.95	15.92	18.39	32.79	19.41	19.27	11.49	24.15	12.37	10.05	9.71	16.39	4.07	25.81	2.92	9.64	9.05	5.27	5.6	10.77	4.78	8.45	16.05	5.29	17.12	16.84
7.45	8.09	2.18	6.04	6.98	14.45	10.91	12.74	14.7	7.02	3.42	7.99	10	13.51	56.39	3.16	49	69.39	6.8	13.14	30.97	16.14	7.9	6.21	12.25	3.26	2.36	12.73	28.03	6.98	21.92	16.04	5.05	10.42	20.45	10.62	33.93	9.32	32.15	8.16	20.5	33.17	24.92	9.27	33.56	23.46	10.6	16.08	17.74	15.7	8.15	15.1	23.69	11.17	7.02	15.32	30.08	14.01	12.58	20.8	25.56	76.12	14.81	7.97	16.07	18.67	17.93	36.6	11.83	33.34	8.51	18.97	12.02	22.62	60.15	9.76	24.89	24.09	25.36	71.29	15.93	18.41	35.27	19.09	19.05	11.28	24.08	12.39	10.04	9.8	16.34	4.05	26.01	2.93	9.66	9.19	5.46	5.61	10.74	4.81	8.18	16.43	5.24	17.17	17.1
7.51	8	2.19	5.88	6.94	14.8	10.85	12.66	14.7	6.83	3.42	7.93	10.04	14.59	55.78	3.16	49	71.17	6.85	13.33	31.01	16.77	7.95	6.15	12.1	3.26	2.38	13.67	28.37	6.96	22.75	15.93	5.01	10.37	20.47	10.57	34.18	9.18	32.23	8.14	21.05	33.35	25.06	9.76	35.45	23.46	10.63	15.63	17.83	15.88	8.15	15.32	23.87	11.04	6.93	15.17	29.88	14.61	12.69	20.65	24.91	75.26	14.91	7.88	16.16	18.78	17.84	37.85	11.87	32.53	8.54	18.99	12.08	22.38	60.8	9.82	24.88	23.6	25.56	69.23	16.3	18.11	35.04	19.48	19.03	11.3	24.2	12.26	10.04	9.76	16.34	4.06	26.9	2.89	9.75	9.14	5.36	5.63	10.66	4.8	8.13	16.44	5.23	17.37	17.32
7.54	7.82	2.23	6.41	6.88	14.66	10.54	12.42	14.7	6.85	3.39	8.07	9.87	14.19	55	3.19	49.6	70.99	7.14	13.19	30.92	16.4	7.89	6.01	11.95	3.24	2.35	13.4	27.05	6.96	22.78	15.89	4.97	10.29	20.61	10.1	34.25	9.2	32.4	8.16	20.68	33.23	25.4	9.91	37	23.4	10.56	15.83	17.63	15.62	8.14	15.19	23.52	11.07	7.13	15.44	30.15	14.88	12.78	20.6	24.9	75.5	14.64	7.89	16.03	18.85	17.61	37.38	12.01	32.97	8.46	18.65	12.06	23.63	59.01	9.67	25.22	23.7	26.17	67.15	16.22	18.12	36.27	19.66	19.14	11.36	23.04	12.39	10.05	9.88	16.23	3.99	26.82	2.8	9.88	9.43	5.28	5.55	10.75	4.8	8.17	16.46	5.23	17.14	17.17
7.53	7.85	2.26	6.29	6.73	14.96	10.64	12.43	14.66	6.85	3.42	8.1	9.77	13.85	57.75	3.1	50.12	70.33	7	13.24	31.23	16.73	7.82	6.03	12.01	3.12	2.34	13.23	27.13	7.09	23.85	16.12	4.97	10.38	20.24	10.18	34.13	8.92	32.99	8.19	20.4	32.75	25.49	9.6	37.9	22.85	10.45	15.49	17.35	15.52	8	15.45	23.56	11.14	7.12	15.54	29.77	14.98	12.8	21.9	24.8	74.21	14.91	7.91	15.97	19.14	17.75	37.26	12.02	32.88	8.48	18.17	12.02	23.99	59.38	9.37	25.55	23.92	26.06	66.73	16.13	17.6	32.63	19.48	19.03	11.1	22.79	12.35	10.11	10.42	16.4	4.01	26.74	2.79	9.83	9.39	5.27	5.57	10.89	4.77	7.92	16.32	5.26	17.16	17.45
7.62	7.83	2.18	6.23	6.82	14.76	10.7	12.43	14.67	6.9	3.41	8.24	9.76	13.69	57.5	3.1	51.55	70.2	6.99	13.14	31.87	16.51	7.91	6.03	11.98	3.11	2.33	13.35	26.4	7.47	24.08	15.59	4.98	10.49	20.78	10.19	34.25	8.2	32.9	8.12	21.01	32.76	24.52	9.59	37.3	23.26	10.52	15.28	17.68	15.81	7.74	15.35	23.85	11.03	6.98	14.83	29.53	14.87	12.71	22	24.44	72.5	14.92	7.89	16.07	19.7	17.45	37.18	11.98	33.02	8.53	18.2	11.91	24.05	58.98	9.27	25.18	23.73	25.84	66.77	16.18	17.52	31.03	19.71	19.04	10.99	22.89	12.33	10.2	10.29	16.48	4.06	26.82	2.76	9.88	9.18	5.26	5.58	11.07	4.77	7.9	16.02	5.26	17.18	17.69
7.49	7.66	2.07	6.27	6.74	14.42	10.75	12.42	14.68	6.89	3.38	8.08	9.88	13.79	57.08	3.09	54.31	69.23	6.92	12.96	31.6	16	7.88	6.22	12.21	3.11	2.32	13.3	25.68	7.42	24.58	15.41	4.91	10.58	21.05	10.31	33.6	8.26	32.74	8.26	20.7	32.45	24.79	9.28	39.1	23.69	10.52	14.33	17.89	15.56	7.73	15.37	24.36	11.01	7.05	15.03	29.75	15.68	12.9	22.01	25.15	72.3	14.99	7.85	15.95	19.2	17.35	36.9	11.81	33.75	8.37	18.71	11.97	23.6	58.53	9.24	25.01	23.78	25.6	66.13	16.02	17.79	31.23	19.61	18.95	10.72	22.6	12.36	10.18	10.13	16.41	3.92	26.95	2.79	9.98	9.2	5.25	5.69	10.89	4.76	8.19	16.1	5.33	17.15	18.27
7.53	8.08	2.06	6.36	6.77	14.46	10.65	12.58	14.78	6.92	3.44	8.15	9.74	13.49	58.35	3.07	53.91	76.15	6.76	12.84	31.37	16	7.7	6.3	12.16	3.15	2.32	12.77	25.9	7.5	23.37	15.45	4.97	10.63	20.77	10.2	34.78	8.19	32.67	8.26	22	33.26	25.17	9.3	38.41	23.73	10.56	14.5	18.11	15.46	7.72	15.33	24.64	11.1	7.14	15.08	29.16	15.71	13.67	22.46	25	72.95	14.68	7.88	15.6	19	17.1	37	11.79	33.84	8.36	18.9	11.92	23.47	58.59	9.33	24.93	23.73	25.96	67.52	15.77	17.79	30.62	19.04	18.85	10.19	22.62	12.28	10.05	10.16	16.48	3.96	26.73	2.78	9.88	9.11	5.26	5.67	10.87	4.76	8.26	16.06	5.34	17.07	17.83
7.43	8	2.07	6.4	6.74	14.38	10.59	12.46	14.67	7.02	3.38	8.24	9.86	13.26	57.56	3.1	54.4	73.67	6.79	12.97	31.65	16.19	7.76	6.34	12.3	3.15	2.33	12.91	25.85	7.43	23.12	15.37	4.93	10.55	20.25	10.34	34.61	8.12	32.81	8.22	22.45	33.33	25.25	9.08	36.72	23.61	10.9	14.22	17.98	15.73	7.82	15.25	24.91	11	7.2	14.83	29.71	15.5	13.42	21.99	24.82	70.9	14.79	7.87	15.67	19.15	17.28	36.8	11.71	33.91	8.42	18.95	11.75	23	58.47	9.44	24.54	24.02	25.67	66.47	16.18	17.8	29.57	19.03	19.09	10.37	22.7	12.17	10.07	10.21	16.49	3.91	26.62	2.81	9.84	9.08	5.26	5.6	10.66	4.73	8.54	16.2	5.21	17.06	17.92
7.35	8.03	2.07	6.5	6.75	14.29	10.75	12.57	14.71	6.95	3.32	8.26	10.12	13.19	55.87	3.1	55.82	73.9	6.74	12.33	32.19	16.35	7.72	6.36	12.35	3.21	2.32	12.85	25.93	7.4	23.68	15.43	4.98	10.65	20.22	10.39	34.69	8.34	33.43	8.18	22.26	33.14	25.4	9.2	37.33	24.41	11.33	14.51	17.83	15.44	7.9	15.1	24.7	11.03	7.15	14.9	29.75	15.48	13	21.99	24.63	71.29	14.64	7.9	15.53	18.54	17.26	38.72	11.8	33.97	8.36	18.87	11.77	23.2	58.71	9.42	24.69	23.85	25.68	66.69	16.03	17.69	31.37	18.73	18.2	10.22	22.88	12.27	10.22	10.13	16.41	3.86	26.71	2.8	9.87	9.12	5.13	5.69	10.81	4.74	8.48	16.12	5.24	17.1	18.1
7.29	7.92	2.07	6.33	6.77	14.27	10.77	12.52	14.94	6.8	3.43	8.6	9.87	13.24	56.03	3.1	56.99	72.4	6.75	12.31	31.68	16.25	7.63	6.31	12.29	3.21	2.32	13.11	25.83	7.19	23.33	15.41	4.98	10.86	20.23	10.34	34.28	8.37	34.03	8.19	21.9	33.23	26.33	9.11	39.11	24.09	11.31	15.43	17.49	15.23	7.6	15.14	24.69	11.14	7.15	14.81	30.08	15.55	13.13	22.6	24.65	72.93	14.98	7.89	15.75	19.38	17.03	38.75	11.88	34.45	8.37	19.04	11.85	23.31	58.4	9.33	24.94	23.49	25.51	67.1	15.99	17.98	29.25	19.05	18.25	10.36	22.57	12.25	10.21	10.11	16.48	3.89	26.36	2.8	9.87	9.13	5.14	5.9	10.89	4.77	8.21	16.07	5.2	17.13	17.63
7.35	8.31	2.06	6.26	6.76	14.29	11.07	12.59	15.01	6.89	3.42	8.66	10.49	12.99	56.72	3.09	58.3	72.91	6.75	12.19	31.64	15.75	7.58	6.21	12.33	3.23	2.36	12.92	27.4	7.36	23.27	15.46	4.93	11.51	20.29	10.22	34.49	8.25	33.75	8.12	21.92	33.31	26.55	9.11	38.47	23.67	11.18	15	16.93	15.42	7.56	15.08	24.69	11.09	6.66	15	30.64	15.79	13.32	22.22	24.96	70.64	14.93	7.89	15.91	20.17	17.16	39.34	11.95	33.97	8.31	18.79	11.18	23.72	58.54	9.38	23.89	22.84	25.36	67.02	15.98	18.08	29	20.96	17.95	10.56	22.2	12.24	10.14	10.15	16.6	3.88	26.37	2.75	9.95	9.02	5.11	6.09	10.78	4.77	8.19	16.32	5.25	17.17	17.8
7.09	8.45	1.96	6.24	6.62	14.3	10.71	12.6	15.11	6.87	3.45	8.53	10.4	12.94	55.75	3.14	56.6	75.03	6.68	11.9	31.01	15.85	7.65	6.41	12.62	3.12	2.37	13.03	27.06	7.28	23.19	15.79	5	11.41	19.89	10.64	34.4	8.56	34.43	8.17	21.78	32.83	27.1	9.55	38.72	23.49	10.97	15.15	16.92	15.4	7.66	15.17	24.37	11.03	6.71	15.28	30.35	15.35	13.31	22.51	26.18	71.2	14.68	7.84	15.47	20.23	17.12	38.77	12.19	34.14	8.25	19.44	11.1	23.71	58.78	9.32	23.81	22.85	25.78	66.76	16.28	18.3	28.53	21.14	17.75	10.75	22.23	12.38	9.99	9.68	16.56	3.93	26.82	2.77	10	9.05	5.11	5.98	11.15	4.74	8.35	16.15	5.3	17.28	18.09
7.02	8.6	1.93	6.14	6.67	14.12	10.87	12.64	14.86	6.99	3.5	8.75	10.25	13.13	56	3.17	56.84	74.59	6.74	12	29.85	15.53	7.84	6.34	13.25	3.11	2.37	13.41	26.71	7.3	23.33	15.9	5.13	11.39	19.78	10.78	33.91	8.56	34.08	8.15	21.74	32.88	26.05	9.11	39.02	23.8	11.3	15.09	16.77	15.25	7.67	15.23	24.15	10.91	6.61	15.57	30	15.36	13.53	22.96	25.74	71.51	14.93	7.52	15.53	20.81	17.19	39.56	12.52	33.3	8.26	19.29	10.93	23.71	58.52	9.25	24.11	22.34	24.33	67.07	16.2	18.24	28.54	20.84	17.76	10.5	22.31	12.54	9.99	9.88	16.4	3.91	26.99	2.75	9.95	9.11	5.12	5.92	10.95	4.71	8.12	15.81	5.27	17.45	18.35
6.92	8.59	1.89	6.19	6.66	14.43	11.12	12.5	14.49	7	3.53	9.14	10.6	13	57.52	3.15	56.3	73.7	6.73	12	29.8	15.16	7.86	6.33	13.44	3.1	2.35	13.77	26.09	7.26	22.78	16.02	5.16	11.34	19.91	10.77	33.76	8.4	34.29	8.11	21.95	32.98	26.53	9.15	39.69	22.8	11.42	15	16.87	15.27	7.65	15.22	24.21	10.86	6.7	15.59	30.01	15.96	14.28	22.92	26.28	70	15.11	7.5	16.27	22.9	17.36	38.97	12.49	33.45	8.38	19.25	10.93	23.34	58.23	9.24	24.35	23.15	24.38	71.81	16.17	18.22	28.41	20.96	17.66	10.61	22.19	12.52	10.04	9.9	16.45	3.95	27.49	2.79	9.87	9.09	5.19	5.91	10.67	4.72	7.96	15.72	5.27	17.99	18.13
7.04	8.51	1.86	6.28	6.68	14.21	11.3	12.27	14.6	6.87	3.5	9.14	10.59	13.47	56.89	3.21	56.8	72.68	6.75	12.09	29.5	15.26	7.87	6.31	13.3	3.09	2.38	13.3	26.58	7.23	22.18	16.01	5.15	11.26	20.32	10.78	33.76	8.5	33.74	8.11	21.84	33.77	25.89	9.08	40.47	22.65	11.29	15.21	17.33	15.35	7.69	15.09	24.09	11.05	6.87	15.52	30.26	15.92	14.3	22.2	26.36	70.27	15.05	7.49	16.36	22.84	17.84	38.37	12.24	34.19	8.3	19.55	10.99	23.85	58.9	8.78	24.28	23.28	24.1	71.3	16.3	17.89	28.93	20.53	17.81	10.65	21.7	12.5	10.03	10.01	16.4	4.02	27.45	2.78	9.92	9.04	5.19	5.98	10.84	4.71	7.91	15.65	5.29	18.42	17.72
7.02	8.29	1.87	6.29	6.66	14.2	11.19	12.32	14.5	6.88	3.5	9.07	10.78	13.37	55.92	3.2	56.09	71.45	6.71	12.33	30.17	15.17	7.86	6.15	13.17	3.08	2.42	13.43	27.27	7.28	22.35	16.14	5.09	11.04	20.19	10.85	34.58	8.53	33.88	8.15	21.53	33.68	25.96	9.24	38.75	22.6	11.53	14.24	16.94	15.8	7.52	14.91	23.8	11.15	6.78	15.36	30.38	16.07	14.31	22	27.08	70.13	14.95	7.46	16.37	23.34	18.2	39.05	11.99	34.37	8.3	20.16	11.06	23.84	59.7	8.64	24.2	23.12	23.61	70.38	16.37	17.75	30.57	20.72	17.55	10.57	20.5	12.49	10.01	10.21	16.46	4	27.3	2.82	10	9.03	5.18	5.95	11.15	4.7	7.96	15.71	5.35	18.31	17.78
7.04	7.97	1.94	6.32	6.78	14.27	11.23	12.38	14.7	6.87	3.48	9.13	10.98	13.26	55.78	3.23	56.8	71.64	6.75	12.67	30	15.06	7.83	6.34	13.21	3.13	2.42	13.27	27.3	7.32	22.39	16.49	5.11	11.08	20.26	10.72	34.73	8.55	33.38	8.18	21.94	34.41	26.16	9.38	38.2	22.71	11.33	14.01	16.58	15.74	7.37	15.03	23.8	11.07	6.82	15.86	30.06	15.8	14.53	21.96	26.77	70.15	14.82	7.43	16.07	22.68	18.27	39.48	11.97	34.37	8.21	20.21	10.93	23.43	59.55	9.04	24.17	22.98	23.8	69.32	16.18	17.56	31.71	20.8	17.87	10.61	20.77	12.48	10.07	10.22	16.46	3.96	27.33	2.82	9.96	9.19	5.2	6.16	11.13	4.72	7.93	15.65	5.37	18.4	17.63
6.89	8	1.96	6.09	6.84	14.34	11.15	12.39	14.76	6.85	3.46	8.99	11.06	13.19	55.17	3.24	56.84	72.9	6.74	12.49	29.9	15.25	7.85	6.33	12.86	3.11	2.41	13.31	27.82	7.19	22.5	17.37	5.08	11.04	19.96	10.8	34.6	8.58	33.64	8.16	22.09	34.33	26.96	9.25	38.45	22.7	11.25	13.85	16.61	15.82	7.4	14.84	23.56	11.01	6.85	16.56	29.61	15.82	14.73	22.1	26.46	70.17	14.86	7.43	16.2	22.67	18.36	39.29	12	34.65	8.04	19.87	10.94	23.26	60.35	8.91	24.2	22.35	23.76	69.7	16.32	17.62	31.67	20.59	18.63	10.43	20.23	12.35	10.31	10.16	16.45	4.05	27.77	2.8	9.9	9.12	5.18	6.12	10.97	4.73	7.77	15.71	5.36	18.23	17.92
6.55	8.06	1.98	6.15	6.8	14.26	10.78	12.37	14.8	6.86	3.53	9.01	10.97	13.03	55.03	3.25	57.5	73.7	6.76	12.7	30.52	15.26	7.79	6.29	12.92	3.08	2.41	13.27	27.68	7.23	22.9	17.34	5.12	11.17	19.09	10.78	34.38	8.64	34.02	8.06	22.22	34.52	26.86	9.13	38.15	22.48	11.24	13.88	16.61	15.75	7.41	14.97	23.53	11.15	6.72	17.18	29.83	15.59	14.87	21.7	26.44	71.37	15.23	7.47	16.27	23.07	18.35	39.2	12.01	34.1	8.03	20.08	10.97	23.34	59.69	8.94	24.49	22.22	23.85	69.13	16.09	17.76	31.31	20.61	18.39	10.55	20.16	12.51	10.3	10.31	16.53	4.12	27.76	2.81	9.92	9.13	5.14	6.18	11.23	4.75	7.87	15.74	5.29	18.62	17.68
6.57	7.77	1.96	6.27	6.8	14.18	10.83	12.38	14.85	6.79	3.5	8.96	10.77	11.81	55.99	3.23	57.57	73.55	6.75	12.33	30.73	15.03	7.64	6.29	12.81	3.08	2.4	13.27	27.53	7.26	22.83	17.38	5.15	11.08	19.38	10.74	34.03	8.6	33.8	8.06	22.8	34.39	27.15	8.9	38.74	22.15	11.15	14.27	17.13	16.33	7.6	14.99	23.58	11.45	6.64	16.8	29.7	15.56	14.73	21.34	26.49	71.98	15.67	7.43	16.41	24.48	18.38	37.88	11.86	34.5	7.98	20.26	10.99	23.37	59.49	9.15	24.54	22.1	23.72	68.8	16.34	17.39	30.79	21.14	18.19	10.63	20.9	12.48	10.5	10.66	16.48	4.2	27.68	2.8	10.06	9.13	5.19	6.31	11.23	4.8	8.19	15.84	5.36	18.69	17.56
6.43	7.56	1.9	6.39	6.77	13.76	10.85	12.53	14.75	6.86	3.52	8.83	10.67	11.74	56.23	3.25	58.82	74.54	6.69	12.53	30.04	15.07	7.61	6.27	12.89	3.1	2.4	13.04	27.03	7.31	22.69	17.25	5.13	11.05	19.3	10.58	33.93	8.6	34.1	8.08	22.85	34.2	26.28	9.79	37.59	22.31	11.12	14.17	17.16	17.09	7.69	15.08	23.04	11.26	6.79	17.33	29.4	15.94	14.64	21.98	26.35	71.81	16.63	7.16	16.48	24.27	18.23	38.16	11.93	33.91	8.04	20.8	11.02	22.88	58.31	9.22	24.25	22.13	23.95	68.95	16.34	17.65	30.21	21.11	18.35	10.75	20.79	12.55	10.39	10	16.48	4.19	27.65	2.79	10.04	9.2	5.19	6.38	11.02	4.8	8.1	15.93	5.46	18.66	17.36
6.44	7.38	1.94	6.58	6.75	13.82	10.7	12.48	14.52	6.88	3.52	9.04	11.74	11.26	58.18	3.23	58.54	73.55	6.64	12.73	30.41	14.95	7.31	6.22	12.82	3.12	2.43	12.44	26.89	7.28	21.54	17.17	5.1	11.12	19.38	10.59	34	8.43	33.89	8.03	22.69	34.28	26.72	9.93	37.53	23.05	11.01	14.72	17.17	17.4	7.65	15.13	22.59	11.29	6.74	17.12	29.58	15.57	14.72	21.66	26.1	72.31	16.49	7.27	16.39	23.98	18.2	39.63	11.87	34.15	8.05	20.92	10.89	22.47	58.54	9.13	24.25	22.02	24.26	67.52	16.21	17.61	30.27	20.7	19.16	10.81	20.68	12.44	10.2	9.98	16.48	4.18	27.95	2.82	10.06	9.38	5.18	6.57	10.87	4.78	7.98	15.84	5.53	18.62	16.9
6.29	7.43	1.97	6.5	6.83	13.71	10.85	12.18	14.69	6.99	3.58	9.07	12.91	11.43	58.8	3.25	58.5	73.18	6.65	12.76	30.26	14.88	7.32	6.18	12.95	3.14	2.48	12.47	27.38	7.27	21.69	16.91	5.16	11.18	19.26	10.58	33.5	8.43	33.45	8.02	22.57	34.8	25.29	10.05	38.67	22.95	11.02	14.5	16.83	16.22	7.78	15.19	23.18	11.17	6.72	16.69	29.56	15.39	14.45	21.79	26.57	72.56	16.3	7.22	16.14	24.06	18.03	39.6	11.94	34.59	8.04	20.57	11.2	22.5	58.71	9.15	24.23	22.27	24.05	67.59	16.31	17.95	30.55	20.65	19.19	10.67	21.03	12.61	10.31	9.92	16.48	4.18	27.8	2.82	10.03	9.6	5.23	6.4	11.02	4.84	7.98	16.03	5.49	18.51	17.07
6.46	7.5	2.02	6.53	6.78	13.81	10.8	12.08	14.7	6.99	3.6	8.95	12.33	11.28	58.98	3.23	58.19	74.04	6.53	12.71	30.32	14.86	7.39	6.14	12.99	3.13	2.44	12.45	27.13	7.2	21.45	17.08	5.19	10.93	19.27	10.44	33.84	9.27	33.91	8.05	22.81	35.03	24.84	9.95	38.81	22.8	11.07	14.51	16.24	16.19	7.84	15.04	22.86	10.51	6.66	16.66	29	15.37	14.79	22.02	26.54	73.6	16.19	7.2	16.15	23.37	17.95	39.59	11.76	36.01	8.07	20.14	11.17	22.5	57.83	9.22	24.65	22.68	23.68	67.13	16.01	18.01	29.93	20.49	19.23	10.71	20.8	12.57	10.13	9.97	16.5	4.16	27.25	2.81	10.25	9.3	5.25	6.6	11.22	4.93	7.84	16.65	5.51	18.55	16.92
6.45	7.92	2	6.57	6.81	13.87	10.76	12	14.71	7.03	3.62	8.83	12.12	11.4	59.76	3.19	57.88	75.41	6.6	12.82	31.08	14.94	7.32	6.09	13.02	3.12	2.45	12.53	27.78	6.95	21.6	16.74	5.25	10.98	19.28	10.4	34.27	9.81	33.63	8.02	22.67	34.67	24.51	10.1	37.91	22.55	11.07	14.37	16.26	16.35	7.82	14.98	22.8	10.6	6.63	16.51	28.82	15.45	14.97	21.63	26.73	72	16.57	7.25	16.16	22.95	17.98	39	11.59	37.46	8.02	20.22	11.27	21.98	57.98	9.07	23.03	22.58	23.86	67.29	16.24	18.31	29.27	20.6	19.05	10.63	20.71	12.54	9.97	9.97	16.49	4.14	27.46	2.82	10.66	9.3	5.23	6.9	11.32	4.94	7.78	17.51	5.57	18.27	16.97
6.75	7.76	1.99	6.5	6.83	13.86	10.83	12.07	14.78	7.07	3.6	8.92	13.33	11.21	58.93	3.2	57.93	77.25	6.56	13.06	31.83	15.1	7.42	6.12	12.77	3.12	2.45	12.52	28.15	6.95	21.27	16.75	5.18	11.05	19.14	10.33	34.58	9.85	33.71	8.06	22.4	35.78	24.67	10.26	37.48	21.78	11.1	13.89	15.9	16.25	8.03	14.88	22.87	10.53	6.64	16.2	28.79	15.14	14.96	21.57	27.02	71.92	16.72	7.35	16.21	23.28	18.46	38.48	11.68	36.75	7.74	19.81	11.49	22	57.92	9.17	23.65	22.13	24.4	67.56	16.69	18.1	30.2	20.28	19.08	10.55	20.75	12.5	9.77	9.92	16.55	4.15	28.25	2.85	10.93	9.25	5.22	6.9	11.27	4.93	7.75	17.17	5.48	18.44	16.63
6.74	7.78	1.95	6.27	6.92	13.89	11	12.1	15.09	7.06	3.66	8.72	13.7	11.24	58.78	3.24	55.7	76.7	6.52	12.68	31.78	15.29	7.43	6.09	12.79	3.16	2.46	13.07	30.33	6.9	21.38	16.68	5.38	11.12	18.4	10.39	34.62	9.78	33.56	8.1	22.46	36.18	24.73	10.58	37.83	21.9	11.04	13.9	15.9	16.19	7.83	14.98	22.85	10.32	6.74	16.2	29.06	15.16	15.75	21.44	26.6	71.87	16.68	7.33	15.96	23.4	18.6	38.76	11.65	36.26	7.78	20.22	11.46	22.18	58.1	9.25	23.33	22.35	24.8	66.82	17.09	18.12	30.07	19.97	19.3	10.71	20.78	12.46	9.65	9.93	16.57	4.2	28.62	2.86	10.71	9.23	5.18	7.19	11.19	4.91	7.73	17.11	5.47	18.63	16.61
6.56	7.81	1.97	6.28	6.89	13.83	11.03	12.26	15.12	7.03	3.62	8.76	13.31	11.32	57.5	3.23	50.13	76.8	6.55	12.76	31.79	15.2	7.74	6.08	12.9	3.19	2.44	13.02	30.36	6.93	21.57	16.82	5.24	11.08	18.59	10.42	34.46	10.08	33.55	8.05	22.39	35.88	24.78	10.39	39.49	21.97	11.12	13.82	15.98	16.26	7.82	14.92	22.39	10.52	6.83	16.18	28.78	14.93	15.75	21.34	26.87	71.36	17.01	7.32	16.08	23.9	19.09	38.75	11.73	36.38	7.74	20.46	11.41	21.75	58.18	9.25	23.25	23.09	24.71	66.83	17.08	17.9	29.71	20.22	19.17	11.28	20.58	12.41	9.74	9.84	16.51	4.18	28.65	2.83	10.68	9.17	5.18	6.87	11.21	4.9	7.67	16.97	5.4	18.62	16.6
6.41	7.57	1.97	6.38	6.85	13.7	11.47	12.35	15	6.95	3.74	8.78	12.94	11.4	58	3.24	51.41	76.15	6.53	12.72	31.35	15.19	7.72	6.03	13.01	3.17	2.4	12.97	29.86	6.92	21.55	16.83	5.33	11.05	18.77	10.51	34.37	10.01	33.52	8.24	21.97	35.95	24.74	9.98	39.4	22.17	11.11	13.83	15.71	16.14	7.82	14.84	22.24	10.58	6.69	16.42	28.42	15.31	15.68	20.96	26.59	71.22	16.59	7.33	15.94	24.72	19.52	38.28	11.74	36.63	7.74	20.83	11.55	21.61	58.09	9.27	23.56	22.9	24.71	66.95	16.93	17.86	29.77	20	19.62	11.42	20.74	12.5	9.89	9.74	16.43	4.29	28.34	2.85	10.56	9.19	5.18	6.7	11.38	4.86	7.7	16.94	5.32	18.68	16.67
6.39	7.56	1.97	6.51	6.83	13.73	11.45	12.38	14.94	6.92	3.73	8.78	12.8	11.43	58.19	3.18	53.9	76.21	6.64	12.48	31.36	15.67	7.72	6.05	12.91	3.14	2.41	12.89	29.18	6.98	20.65	16.85	5.2	10.9	18.72	10.53	33.97	10.07	34.15	8.27	22.04	35.93	24.24	9.89	39.3	22.17	11.13	13.76	15.83	16.02	7.53	14.9	22.37	10.5	6.69	16.33	27.2	15.65	14.7	20.78	24.97	71.67	16.05	7.3	15.97	24.28	19.63	38.19	11.65	37.02	7.89	20.42	11.53	21.83	57.49	9.24	23.51	23.18	24.48	66.25	16.85	17.62	29.17	19.94	19.35	11.85	20.84	12.35	10.1	9.75	16.46	4.2	28.21	2.82	10.59	9.16	5.19	6.5	11.73	4.87	7.69	16.77	5.34	18.75	16.2
6.46	7.44	2	6.63	6.79	14.11	11.23	12.36	14.99	6.95	3.76	8.76	12.08	11.45	62.1	3.19	53.38	75.55	6.7	12.48	31.2	15.42	7.56	6.02	12.9	3.12	2.42	13.27	29.78	6.98	20.84	16.66	5.42	10.45	18.66	10.54	34.11	11.08	34.25	8.24	21.99	35.82	23.8	9.98	39.27	22.08	11.28	13.65	16.33	16.01	7.61	14.97	22.03	10.51	6.64	16.08	27.46	15.26	14.19	20.08	24.65	71.3	16.04	7.22	15.9	24.12	21	37.77	11.31	38.57	8.07	20.41	11.65	22.02	57.55	9.22	23.31	23.22	24.22	66.17	16.7	17.43	28.89	20.04	19.15	12.04	20.89	12.39	10.05	9.56	16.27	4.16	28.59	2.81	10.54	9.19	5.14	6.57	12.9	4.88	7.42	16.81	5.35	18.51	16.34
6.5	7.44	2.03	6.42	6.76	14.04	11.23	12.3	14.73	6.88	3.69	8.8	11.9	11.69	61.24	3.23	53.18	76.85	6.72	12.61	31.72	15.28	7.63	6.07	12.74	3.13	2.43	13.21	29.7	6.96	20.73	16.67	5.36	10.45	19.06	10.57	33.95	11.47	34.27	8.16	22.09	36.13	23.38	9.81	37.5	22.12	11.25	13.57	16.33	16.24	7.76	15.02	22.21	10.64	6.61	16.14	27.24	15.1	14.49	20.08	24.49	70.84	15.77	7.26	15.73	23.57	20.58	38.09	11.74	38.47	8.17	20.38	11.8	21.9	59.14	9.15	23.33	23.74	24.35	64.53	16.7	17.06	29.22	19.49	19.16	12.05	21.38	12.45	9.88	9.57	16.34	4.1	28.59	2.83	10.53	9.19	5.16	6.37	13.8	4.87	7.32	16.71	5.32	18.56	16.25
6.5	7.54	2.03	6.33	6.8	14.07	11.04	12.28	14.98	6.93	3.69	8.77	11.98	11.41	59.55	3.26	47.86	76.94	6.73	12.58	31.97	15.15	7.59	6.04	12.25	3.13	2.43	13.5	29.37	6.81	20.7	16.7	5.38	10.33	19.18	10.32	33.57	11.64	34.57	8.11	21.74	36.57	23.71	9.73	37.61	22.13	11.11	13.57	16.17	16.64	7.73	15.01	22.13	10.61	6.35	16.01	27.4	14.94	14.7	20.45	23.6	70.53	15.97	7.24	15.93	23.06	19.8	37.64	11.95	37.92	8.11	20.43	11.85	21.85	58.6	9.06	23.27	23.48	24.47	61.02	17.63	17.77	30.33	19.66	19.27	11.98	21.11	12.42	9.82	9.77	16.27	4.11	28.67	2.8	10.42	9.13	5.14	6.42	13.17	4.87	7.29	16.8	5.29	18.53	16.45
6.37	7.55	2.06	6.13	6.7	14.17	10.36	12.39	14.92	6.92	3.63	8.76	11.84	11.26	59.09	3.36	47.86	76.05	6.73	12.52	31.66	15.08	7.62	6.03	12.27	3.06	2.42	13.43	29.22	6.89	20.94	16.92	5.16	10.43	19.27	10.61	33.86	11.37	35.82	8.03	21.78	37.12	23.66	9.71	37.76	21.4	10.7	13.59	16.46	16.7	7.76	15.26	22.4	10.66	5.97	16.45	27.76	14.78	14.78	20.41	22.85	69.9	17.57	7.34	15.61	22.75	19.82	36.69	12	38.04	7.95	19.68	11.69	20.02	58.53	9.1	23.15	23.45	24.03	61.22	17.38	17.72	30.99	19.9	19.18	11.84	20.89	12.48	9.7	9.76	16.29	4.14	28.46	2.81	10.44	9.24	5.13	6.32	12.9	4.87	7.38	16.73	5.23	18.33	16.51
6.44	7.45	2.03	6.22	6.75	14.18	10.36	12.29	14.86	6.93	3.64	8.65	12.48	11.4	60.66	3.33	47	77.05	6.7	12.64	31.68	15.05	7.68	6.08	12.14	3.07	2.39	13.55	28.63	6.87	21.41	16.9	5.28	10.5	19.17	10.38	33.8	11.4	35.03	8.05	21.9	37.05	23.68	9.74	37.4	21.52	10.76	13.58	16.28	16.53	7.66	15.1	22.68	10.64	5.67	16.29	27.46	14.89	14.56	20.94	22.86	70	17.76	7.33	15.78	23.77	19.46	36.94	11.96	37.35	7.96	19.71	11.7	20.07	58.64	9.15	23.43	23.39	23.95	62.87	17.28	17.21	30.25	19.65	19	11.87	20.95	12.33	9.74	9.8	16.3	4.3	28.46	2.81	10.42	9.2	5.14	6.32	12.65	4.92	7.29	16.71	5.27	17.9	16.9
6.41	7.44	2.07	5.89	6.75	14.21	10.34	12.3	14.96	6.96	3.61	8.5	11.7	11.56	59.61	3.33	44.5	77	6.68	13.27	31.68	15.19	7.7	6.14	12.23	3.06	2.34	13.51	27.66	6.97	21.59	16.8	5.22	10.6	19.35	10.79	33.6	11.38	35.27	8.13	21.6	36.44	23.46	9.82	37.23	21.4	10.75	13.58	16.27	16.47	7.77	14.89	22.48	10.86	5.85	16.27	27.4	14.75	14.87	20.58	22.82	70.29	18.37	7.36	15.67	23.47	19.22	36.01	11.96	39.28	7.62	19.91	11.48	20.05	57.3	9.18	23.6	21.28	24.19	63.78	17.47	17.25	30.55	19.73	18.97	11.85	21.02	12.45	9.71	9.88	16.47	4.56	28.23	2.87	10.41	9.17	5.12	6.2	12.76	4.92	7.3	16.83	5.31	17.91	16.81
6.42	7.33	2.15	5.97	6.79	14.13	10.41	12.3	15.37	6.87	3.59	8.76	11.66	11.47	59.71	3.26	46.68	77.75	6.71	13.33	33.29	15.33	7.76	6.25	12.22	3.12	2.34	13.41	27.78	6.97	21.59	16.9	5.2	10.61	19.14	10.72	33.38	11.04	34.85	8.17	21.62	36.01	23.31	10.01	37.32	21.46	10.83	13.57	16.14	16.19	7.71	14.83	22.61	10.87	5.75	16.08	27.5	14.92	14.83	20.88	22.82	69.89	19.43	7.4	15.73	23.41	19.2	36.06	12.3	39.46	7.69	20.16	11.51	20.16	56.65	9.44	23.32	21.05	24.38	62.9	17.38	17.06	30.77	19.44	18.78	11.93	20.9	12.49	9.73	9.83	16.42	4.62	27.93	2.85	10.44	9.2	5.17	6.2	12.23	4.89	7.27	16.9	5.45	17.54	16.79
6.3	7.27	2.12	6	6.83	14.16	10.42	12.42	15.43	6.95	3.58	8.98	11.7	11.43	58.96	3.26	46.66	78.9	6.76	13.21	34.59	15.28	7.71	6.26	12.32	3.1	2.34	13.43	27.35	7.08	21.47	16.52	5.11	10.52	19.34	10.73	33.02	11.01	34.64	8.11	21.52	36.51	23.63	9.99	35.66	21.34	10.82	13.55	16.38	16.28	7.67	14.88	22.52	10.88	5.69	15.55	27.27	15.09	15.23	20.52	23.15	68.89	19.5	7.33	15.83	23.28	19.26	36.81	12.14	39.12	7.63	20.22	11.41	20.24	55.64	9.42	23.08	21.22	24.34	63.23	17.59	17.14	30.06	18.49	19.15	11.99	20.45	12.58	9.48	9.83	16.32	4.51	27.76	2.83	10.51	9.24	5.22	6.24	12.29	4.9	7.32	16.67	5.59	17.81	16.74
6.2	7.1	2.16	5.94	6.77	13.97	10.45	12.45	15.34	6.99	3.62	9.06	11.8	11.34	57.49	3.22	46.38	79.04	6.84	13.07	34.86	15.54	7.64	6.48	12.3	3.1	2.36	13.3	27.56	7.08	21.55	16.35	5.26	10.38	19.18	10.72	32.78	10.69	35.27	8.2	21.11	36.38	23.98	9.56	36.04	21.84	10.84	13.58	16.22	16.32	7.72	14.79	22.11	10.89	5.86	15.63	26.85	15.06	14.51	20.41	23.07	68.67	17.85	7.3	15.98	22.49	18.8	36.35	11.98	39.09	7.62	20.5	11.45	20.05	56.31	9.53	23.15	20.73	24.02	62.82	18.03	17.39	30.39	18.57	19.12	11.64	20.07	12.72	9.51	9.92	16.19	4.4	27.69	2.86	10.47	9.21	5.26	6.29	13.02	4.91	7.25	16.8	5.56	17.74	16.68
6.23	7.22	2.14	5.94	6.85	14.23	10.44	12.44	15.39	7	3.63	9	11.71	11.36	57.68	3.27	46.21	78.5	6.86	13.37	34.61	15.55	7.77	6.44	12.21	3.15	2.38	12.93	27.25	7.06	21.13	16.12	5.2	10.51	19.64	10.63	32.88	11.51	35.3	8.18	21.05	36.34	24.05	9.62	35.45	22.06	10.92	13.58	16.16	16.2	7.74	14.8	22.33	10.98	5.86	15.54	26.72	15.03	14.49	20.15	23.18	68.5	18.16	7.31	15.85	22.2	19.04	35.22	11.86	40.01	7.67	20.36	11.35	20.35	55.94	9.52	23.36	20.8	23.89	61.63	18.1	17.41	30.48	18.95	19.14	11.55	19.31	12.68	9.63	9.76	16.29	4.46	28.08	2.96	10.46	9.22	5.27	6.35	12.76	4.92	7.11	16.81	5.55	17.88	16.38
6.48	7.45	2.27	5.95	6.94	14.16	10.28	12.55	15.48	7.04	3.59	9.01	11.68	11.18	57.7	3.25	46.1	78.57	6.93	13.06	34.4	15.6	7.87	6.44	11.96	3.24	2.37	13.45	27.4	7.08	21.46	16.19	5.31	10.46	19.38	10.54	33.18	11.26	35.9	8.14	21.32	36.05	23.91	9.91	36.27	22.01	10.92	13.58	16.24	16.22	7.74	13.92	23.25	10.8	5.71	15.7	26.83	14.93	14.57	20.08	23.33	67.55	18.43	7.28	15.85	22.11	18.82	37.49	11.89	39.15	7.72	20.41	11.56	20.42	56.38	9.33	23.2	20.45	23.86	60.63	17.53	17.04	31.21	18.96	18.72	11.61	19.68	12.71	9.65	9.72	16.27	4.37	27.63	2.95	10.43	9.21	5.31	6.35	12.56	4.92	7.11	16.84	5.53	17.97	16.64
6.43	7.58	2.22	5.87	6.94	14.18	9.97	12.4	15.3	7.02	3.55	8.71	11.46	11.04	57.4	3.26	44.74	77.26	7.05	12.48	35.4	15.7	7.97	6.42	12.11	3.26	2.42	13.38	27.49	7.07	22.16	16.09	5.37	10.57	19.67	10.62	33.12	11.33	35.76	8.15	21.67	35.73	23.99	10.25	36.57	22.6	10.67	13.55	16.25	15.99	7.86	13.74	24	10.82	5.71	15.66	26.75	14.66	14.97	19.53	23.4	67.4	18.45	7.3	15.85	22.53	19.02	37.25	11.69	39.21	7.76	21.79	11.54	20.57	56.73	9.32	23.25	20.64	24.24	61.77	17.07	17.38	32.53	18.77	18.2	11.76	19.43	12.6	9.42	9.86	16.3	4.41	27.5	2.92	10.41	9.19	5.34	6.47	12.38	4.91	7.08	16.8	5.5	17.98	16.58
6.41	7.76	2.13	5.6	6.98	14.25	10.07	12.34	15.32	7.05	3.55	8.76	11.16	10.54	58.06	3.24	41.98	76.67	6.91	12.46	34.6	15.78	7.96	6.5	12.03	3.21	2.41	13.3	26.91	6.96	21.95	16.23	5.35	10.62	19.56	10.52	33.15	11.78	34.67	8.16	22.08	36.04	24.02	9.95	36.37	22.37	10.83	13.55	16.28	15.86	8.1	13.49	23.84	10.68	5.78	15.75	26.84	14.88	15.04	18.69	22.96	67.13	18.75	7.23	15.73	22.44	18.8	37	11.51	38.56	7.64	21.96	11.49	20.19	56.61	9.3	23.09	20.66	24.1	61.3	16.63	17.55	32.61	18.05	18.36	11.86	19.52	12.6	9.29	9.85	16.2	4.42	27.68	3	10.42	9.19	5.26	6.48	12.4	4.9	7.11	16.73	5.51	18	16.53
6.25	7.57	2.12	5.45	6.95	14.36	10	12.39	15.38	7.03	3.58	8.76	11.21	9.95	57.59	3.22	41.86	76.4	6.81	12.3	34.9	15.53	7.92	6.45	12.22	3.17	2.37	13.37	25.93	7.1	22.07	16.3	5.41	10.74	19.7	10.47	33	11.67	35.36	8.06	21.86	35.95	23.86	10.14	36.82	22.1	10.84	13.53	16.26	15.38	8.03	13.55	23.99	10.74	5.81	15.91	26.99	15	15.3	18.2	22.95	65	18.77	7.24	15.82	22.4	18.65	38.02	11.53	38.9	7.62	21.63	11.28	20.44	55.03	9.14	22.55	20.85	24.14	61.41	16.69	17.55	32.5	18.5	18.59	11.79	19.9	12.71	9.38	9.78	16.35	4.38	27.83	2.97	10.42	9.2	5.28	6.61	12.12	4.86	7.08	16.72	5.63	18.07	16.74
6.31	7.57	2.23	5.51	6.96	14.3	10.09	12.24	15.43	7.05	3.54	8.8	11.13	10.09	54.97	3.17	42.44	76.67	6.71	12.36	34.13	15.95	7.79	6.45	12.23	3.17	2.37	13.92	26.4	7.03	22.7	16.13	5.31	10.72	19.48	10.47	32.88	11.39	34.57	8.03	22.1	36.08	23.51	9.91	36.63	22.57	10.86	13.5	16.04	15.43	8.18	13.73	23.56	11.01	5.89	15.79	27.29	15.58	15.5	17.97	21.5	65.34	18.49	7.23	15.82	22.63	18.99	38.09	11.49	39.4	7.53	21.9	11.16	20.19	55.07	9.19	22.6	20.85	23.9	62.63	16.35	17.44	33.4	18.22	18.59	11.9	20.1	12.77	9.54	9.68	16.4	4.39	28.03	2.96	10.36	9.2	5.32	6.64	12.14	4.84	7.11	16.46	5.64	17.89	16.86
6.35	7.39	2.21	5.53	6.89	14.18	10.16	12.26	15.44	7.11	3.54	8.75	11.22	9.96	54.65	3.18	41.9	76.35	6.75	12.31	33.9	15.84	7.83	6.52	12.44	3.16	2.37	13.77	26.16	7.04	22.62	15.94	5.2	10.66	19.16	10.7	32.25	11.39	34.44	7.93	22.12	36.53	23.6	9.28	36.01	22.56	10.84	13.5	15.93	15.32	8.17	13.58	23.56	10.97	5.85	15.5	27.92	15.51	15.5	16.78	21.32	65.44	17.42	7.21	16.01	22.51	18.81	35.9	11.15	38.98	7.57	21.91	11.31	19.98	54.96	9.39	22.91	20.94	23.38	65.58	16.38	17.52	33.15	18.24	18.64	11.57	19.93	12.79	9.63	9.7	16.42	4.39	27.61	2.96	10.12	9.22	5.33	6.8	12.2	4.78	7.24	16.33	5.6	18	16.8
6.26	7.34	2.23	5.35	6.95	14.2	10.3	12.32	15.63	7.27	3.57	8.89	11.57	9.94	54.62	3.16	42.05	76.43	6.74	12.27	34.47	15.89	7.68	6.5	12.49	3.17	2.38	13.85	26.13	7.08	22.5	16.15	5.21	10.7	18.94	10.72	31.86	11.65	34.55	7.98	21.8	36.45	23.46	9.28	36.03	23.68	11.09	12.58	15.96	15.44	8.05	13.55	23.45	11.13	5.9	15.57	28.02	15.76	15.45	16.68	21.07	65.35	16.98	7.25	16.25	22.01	19.11	36.76	11.18	39.09	7.64	22.71	11.23	20.09	54.84	9.55	22.94	20.8	23.43	64.98	15.05	17.83	32.55	18.63	18.64	11.57	20.18	12.9	9.43	9.7	16.47	4.21	27.58	3	10.1	9.21	5.31	6.87	12.25	4.78	7.17	16.19	5.6	18	16.83
6.24	7.24	2.23	5.47	7.1	14.08	10.29	12.35	16.32	7.48	3.54	8.92	11.68	10.14	55.18	3.17	42.1	77.2	6.61	12.35	34.77	15.73	7.72	6.46	12.44	3.23	2.37	14.25	26.44	7.22	22.49	16.03	5.17	10.68	19.05	10.81	31.2	11.87	35.11	8.01	21.84	36.38	23.65	9.09	36.26	23.78	11.12	11.98	15.91	15.71	8.04	13.65	23.69	11.13	5.91	15.58	27.69	15.84	15.32	17.06	21.07	64.97	16.95	7.18	16.51	21.95	19.12	35.46	11.21	40.17	7.55	22.52	11.18	20.24	55.22	9.45	22.98	20.73	23.49	64.87	14.96	17.88	32.79	18.14	18.71	11.6	20.55	13.01	9.43	9.67	16.46	4.24	27.46	2.97	9.99	9.22	5.3	6.79	12.26	4.77	7.03	16.23	5.6	18.3	16.69
6.35	7.08	2.23	5.61	7.02	13.94	10.24	12.45	16.2	7.48	3.54	8.96	12.25	10.18	56.24	3.18	43.22	76.55	6.55	12.24	35	15.67	7.73	6.49	12.47	3.22	2.42	14.32	26.94	7.21	21.96	16.3	5.21	10.47	18.81	10.79	31.22	11.74	34.5	7.93	21.77	36.38	23.37	9.25	37.01	23.73	11.07	12.1	16	15.68	8.27	13.68	23.6	11.15	5.85	15.56	27.84	15.81	15.21	17.13	21.62	65.32	17.4	7.32	16.27	21.71	19.21	35.06	11.28	40.85	7.55	22.52	11.58	20.3	56.43	9.46	23.21	20.59	23.63	65.03	14.97	17.91	33.53	17.21	18.65	11.31	20.7	13	9.48	9.63	16.57	4.19	27.47	2.97	10.06	9.26	5.36	6.84	12.92	4.78	7.06	16.2	5.45	18.33	16.35
6.6	7.18	2.23	5.72	7.07	14.03	10.25	12.36	16.35	7.6	3.56	8.83	11.82	10.21	58.36	3.21	44.35	75.64	6.5	11.91	34.5	15.79	7.68	6.5	12.4	3.26	2.48	14.73	27.07	7.22	22.33	16.37	5.24	10.7	18.96	10.89	31.52	11.78	34.73	7.97	22.19	36.38	23.18	9.47	37.58	23.1	11.09	12.02	16.32	15.32	8.28	13.51	23.2	11.41	5.88	15.68	27.64	15.79	15.25	17.03	21.75	66.7	17.6	7.31	16.53	21.7	19	35.25	11.15	39.97	7.5	21.98	11.23	20.46	57.52	9.36	23.17	20.37	24.1	64.2	15.08	17.82	33.31	16.72	18.2	11.15	20.88	13.04	9.38	9.68	16.59	4.18	27.5	3	10.05	9.27	5.44	6.96	13.61	4.84	7.15	16.22	5.45	18.15	16.38
6.57	7.13	2.25	5.66	7.09	13.86	10.17	12.53	16.84	7.52	3.53	8.94	11.54	11.23	58.46	3.24	44.08	76.85	6.32	12.05	33.72	15.71	7.72	6.44	12.25	3.3	2.47	14.94	27.07	7.18	22.25	16.71	5.31	10.61	19.02	10.79	31.49	11.14	34.51	8.15	22.39	36.43	23.54	9.4	37.79	22.99	11.07	11.98	16.38	15.32	8.39	13.54	23.46	11.21	5.86	15.99	27.73	15.64	15.17	16.97	21.4	66.68	17.61	7.3	16.38	21.99	18.55	34.75	11.02	43.02	7.46	21.9	11.13	20.52	57.17	9.63	23.22	19.79	23.92	64.42	15.27	17.59	32.6	18.39	18.45	11.25	20.84	12.91	9.34	9.58	16.6	4.19	27.45	3	10.08	9.31	5.31	6.84	13.51	4.85	7.05	16.29	5.41	18.09	16.53
6.73	7.06	2.14	5.69	7.15	13.96	10.2	12.69	16.65	7.45	3.55	8.83	11.82	11.85	58.5	3.23	46.18	77.23	6.34	12	34.2	15.65	7.75	6.45	12.64	3.32	2.54	15.3	26.88	7.2	21.84	16.73	5.28	10.58	19.35	11.87	31.2	10.73	33.52	8.15	22.55	35.83	23.34	9.38	37.86	23.09	10.99	11.96	16.25	15.31	8.42	13.48	23.78	11.08	5.74	15.94	27.34	15.22	15.86	16.94	21.79	65.54	17.95	7.32	16.55	23.22	18.72	35.35	11.06	47.34	7.51	21.99	11.1	20.16	56.94	9.46	23.21	19.33	23.86	66.58	14.98	17.58	32.09	17.38	18.49	11.12	20.73	12.71	9.44	9.59	16.59	4.3	27.32	3.03	10.16	9.31	5.39	7	13.12	4.8	7	16.15	5.43	18.1	16.7
6.65	7.28	2.16	5.61	7.13	14.11	10.38	12.62	16.77	7.86	3.59	8.85	11.82	11.33	57	3.24	48.2	76.81	6.34	11.98	33.7	15.68	7.84	6.28	12.54	3.32	2.55	16.51	26.85	7.18	21.88	16.65	5.33	10.61	19.36	12.05	32	10.24	33.45	8.17	22.47	36.11	23.35	9.35	37.9	22.74	11.19	11.83	15.76	15.6	8.59	13.29	23.68	11.1	5.76	15.82	27	14.45	15.88	16.8	21.71	66.18	17.53	7.34	16.57	23.21	18.62	35.57	11.01	48.1	7.39	22.01	10.95	20.21	56.9	9.48	23.35	19.71	23.63	66.53	15.01	17.23	32.16	17.52	18.8	11.1	20.66	12.65	9.34	9.59	16.6	4.29	27.44	2.98	10.14	9.2	5.35	6.99	13.13	4.81	7.06	15.92	5.47	17.86	16.7
6.59	7.57	2.18	5.85	7.18	14.03	10.35	12.81	16.44	7.74	3.64	9.11	11.69	11.34	57.5	3.23	47.2	78.5	6.36	11.99	33.37	15.71	7.75	6.43	12.55	3.22	2.49	16.25	26.43	7.27	21.45	16.65	5.3	10.87	19.17	11.69	32	10.22	33.44	8.07	22.31	35.82	23.19	9.33	37.35	22.56	11.23	11.73	15.44	15.65	8.63	13.31	23.51	11.15	5.99	15.84	26.34	14.32	15.98	16.76	21.35	65.92	17.78	7.28	16.39	23.06	18.62	36	10.96	47.6	7.48	22.4	11.02	20.34	56.41	9.68	23.38	19.75	23.38	66.17	15.08	16.86	31.52	18.54	18.91	11.27	20.54	12.6	9.35	9.51	16.6	4.29	26.98	3.07	10.04	9.23	5.32	6.93	13.16	4.77	7.15	16.13	5.52	17.93	16.58
6.41	7.45	2.22	5.84	7.34	14.05	10.36	12.72	16.6	7.45	3.63	9.21	11.79	11.9	57.86	3.23	47.19	78.14	6.38	12.25	33.29	16.29	7.6	6.44	12.69	3.32	2.52	16.2	26.75	7.2	21.41	16.65	5.34	10.88	19.62	11.62	31.89	10.5	33.01	8	22.75	35.84	23.07	9.22	37.57	23.1	11.3	11.86	15.49	15.67	8.52	13.28	23.15	11.13	5.99	15.93	26.72	14.5	15.81	16.93	21.39	66.44	17.88	7.26	16.2	22.98	18.18	35.6	10.98	47.62	7.64	22.58	11.24	20.34	56.98	9.75	23.39	19.83	23.53	65.76	14.91	16.74	31.55	18.76	19.33	10.89	20.56	12.78	9.38	9.51	16.6	4.39	27.17	3.03	10.08	9.26	5.26	6.8	13.32	4.85	7.11	16.06	5.59	17.88	16.74
6.6	7.47	2.23	5.88	7.24	13.88	10.28	12.64	16.22	7.36	3.63	9.23	11.2	11.58	59.65	3.29	48.46	77.76	6.39	12.28	33.3	16.29	7.64	6.26	12.95	3.32	2.52	15.94	27.13	7.39	21.6	16.4	5.21	10.84	20.38	11.83	32.24	10.47	32.95	7.96	22.77	35.5	22.37	9.13	36.7	23.21	11.18	12.35	15.61	15.72	8.61	13.23	23.04	11.01	6.08	16.12	26.4	14.47	15.68	17.12	21.17	67.09	17.51	7.27	16.37	23.04	18	36.43	10.99	46.54	7.65	22.6	11.2	21.24	56.67	9.8	23.19	19.85	23.54	68.1	14.28	16.46	31.63	19.77	19.57	11.06	20.54	12.66	9.64	9.6	16.64	4.38	26.94	2.96	10.03	9.33	5.26	7.31	13.26	4.86	7.1	16.15	5.55	17.89	16.83
6.46	7.2	2.35	5.88	7.08	14.19	10.47	12.62	16.41	7.38	3.53	9.08	11.23	11.66	59.5	3.28	45.9	80.3	6.4	12.25	33.4	16.41	7.64	6.17	13	3.33	2.51	16.05	26.97	7.36	21.28	16.9	5.11	10.86	20.81	11.7	32.23	10.38	33.58	7.94	22.55	35.54	22.24	9.47	36.9	23.5	11.39	12.35	15.46	15.59	8.47	13.31	23.05	10.96	6.25	16.23	26.28	14.47	15.34	16.58	21.25	68.47	17.18	7.3	15.69	22.76	17.45	36.38	10.8	46.27	7.66	22.27	11.14	20.7	56.46	10	23.19	19.91	23.59	67.58	14.38	16.6	30.79	19.62	20.65	11.17	20.4	12.69	9.85	9.59	16.68	4.32	26.98	2.95	10.06	9.31	5.21	7.09	12.93	4.95	7.28	16.12	5.7	17.91	16.66
6.37	7.07	2.36	5.96	7.04	14.44	10.8	12.82	16.73	7.28	3.53	9.06	11.16	12.35	60	3.26	45.82	84	6.4	12.18	34.05	16.23	7.66	6.21	13.1	3.37	2.5	16.21	26.87	7.39	21.69	16.82	4.95	10.9	20.54	11.62	32.28	10.03	33.76	7.93	22.73	35.75	22.24	9.58	36.41	23.64	11.41	12.06	15.48	15.68	8.57	13.36	23.04	10.83	6.32	16.15	26.65	14.93	15.38	15.56	21.22	68.4	17.08	7.33	15.7	22.92	17.66	36.36	10.68	50.62	7.68	21.85	11.02	20.18	56.14	10.22	23.31	20.16	23.54	67.69	14.28	16.48	31.57	19.56	20.54	11.06	20.28	12.18	9.78	9.55	16.93	4.38	26.97	3.02	10.05	9.27	5.22	7.08	12.93	4.97	7.18	16.41	5.67	18.31	16.99
6.12	6.98	2.35	5.7	7.08	14.96	10.75	12.82	16.65	7.34	3.63	9.2	11.18	12.44	59.87	3.33	45.14	88.86	6.42	12.23	33.73	16.17	7.67	6.17	13.12	3.52	2.53	16.87	27.28	7.43	21.8	16.9	5	10.94	20.56	11.63	32.2	10.24	35	7.93	22.74	35.7	22.42	9.69	36.3	23.48	11.47	12.01	15.36	15.76	8.53	13.91	23.05	10.99	6.56	16.07	26.77	14.7	15.29	15.05	21.22	68.14	17.17	7.3	15.55	22.84	17.6	35.57	10.62	48.9	7.61	21.59	10.99	20.09	56.59	10.16	23.49	20.12	23.98	68.99	14.19	16.49	31.29	19.26	20.61	11.1	19.96	12.19	9.83	9.47	16.89	4.37	27.17	2.96	10.15	9.19	5.15	7	12.94	4.94	7.26	16.52	5.56	18.13	17.02
6.04	6.91	2.31	5.73	7.01	16.46	10.67	12.99	16.95	7.06	3.61	9.06	11.02	11.87	58.77	3.36	44.7	87.08	6.4	12.08	33.65	16.19	7.77	6.15	13.01	3.46	2.52	16.51	27.15	7.38	22.25	17.09	5.05	11.02	20.51	11.33	32.78	10.61	35.03	7.82	22.6	35.58	22.45	9.94	36.16	23.58	11.41	12.11	15.46	15.6	8.54	13.83	23.1	11.07	6.38	16.02	26.63	14.8	15.53	15	21.15	68.15	17.49	7.28	15.58	22.9	17.52	34.28	10.65	50.78	7.52	21.42	11.04	19.81	56.52	10.22	23.52	19.57	23.99	71.03	14.09	16.79	31.47	19.92	20.53	10.7	20.01	12.09	9.86	9.31	17.09	4.38	27.37	2.97	10.2	9.24	5.12	6.85	13.05	4.9	7.35	16.43	5.68	17.97	17.32
6.09	6.93	2.36	5.75	7.07	16.05	10.75	13.11	17.32	7.12	3.63	9.17	10.78	12.1	58.32	3.34	44.9	87.11	6.41	12.28	33.78	16.25	7.66	5.95	13.02	3.44	2.52	16.03	26.84	7.49	22.21	17.63	4.96	10.96	20.31	11.37	32.73	10.37	35.2	7.85	22.65	35.22	22.37	10.07	37.36	23.7	11.25	12.01	15.48	15.7	8.5	13.67	22.72	11.02	6.84	16.1	26.72	14.77	15.28	15.33	20.97	68.16	17.46	7.33	15.46	22.64	17.78	32.16	10.74	50.09	7.56	21.4	11.27	19.8	56.16	9.87	23.2	19.63	24.2	70.45	14.08	16.82	29.97	19.52	20.72	10.97	20.58	12.11	9.83	9.38	17.21	4.34	27.33	2.89	10.22	9.24	5.06	6.88	12.98	4.94	7.35	16.39	5.67	17.81	17.33
6.16	7.06	2.33	5.8	6.82	16.23	10.83	13.35	17.17	7.09	3.58	9.15	10.93	11.71	59.28	3.31	44.94	85.2	6.41	12.23	34.85	16.27	7.66	5.92	13.26	3.38	2.49	16.11	27.14	7.87	21.98	17.47	5	11.25	20.8	11.39	32.95	10.19	35.55	7.91	22.8	34.58	21.08	9.8	37.14	23.65	11.2	11.86	15.43	15.72	8.5	13.56	22.95	11.03	6.83	16.07	26.93	14.62	15.25	15.56	20.73	68.21	18.19	7.35	15.19	22.72	17.97	32.69	10.84	49.73	7.72	21.4	11.23	20.03	56.23	9.83	23.05	19.48	24.07	72.4	14.2	15.31	29.79	19.64	20.39	10.75	20.6	12.17	9.6	9.45	17.26	4.37	27.37	2.9	10.24	9.27	5.06	6.82	12.7	4.93	7.22	16.46	5.66	17.9	17.57
6.1	7.13	2.28	5.87	6.89	15.78	10.9	13.64	16.9	7.08	3.58	9.11	10.95	11.53	58.22	3.3	44.97	86.14	6.4	12.2	34.29	16.13	7.63	5.91	13.18	3.47	2.47	16	26.87	8.01	22.27	17.41	5.05	11.21	21	11.4	32.94	10.18	35.6	7.9	22.87	34.57	21.23	9.86	37.22	23.29	11.29	11.76	15.28	16.05	8.45	13.39	22.67	10.97	6.68	15.96	27.96	14.71	15.09	15.4	20.29	68.83	18.2	7.46	15.02	22.95	17.81	33.17	10.84	47.26	7.73	20.87	11.22	19.99	55.89	9.59	23.28	19.84	24.18	71.83	14.38	15.35	29.08	19.99	20.38	10.67	20.53	11.94	9.86	9.37	17.16	4.36	27.49	2.84	10.25	9.28	5.1	6.68	12.63	4.96	7.24	16.22	5.87	17.86	17.36
																																																																																																								
